2 0.798520 0.241493 0.033717 0.136114
2 0.741776 0.212953 0.022204 0.085620
2 0.716283 0.214050 0.018092 0.055982
2 0.871711 0.214050 0.029605 0.094402
2 0.900493 0.220637 0.018914 0.035126
2 0.978618 0.198683 0.018914 0.047201
2 0.845395 0.196487 0.018092 0.058178
0 0.801809 0.184413 0.018092 0.020856
0 0.741776 0.176729 0.012336 0.013172
0 0.716283 0.190999 0.007401 0.009879
0 0.875000 0.173436 0.012336 0.013172
0 0.900493 0.209660 0.009046 0.012075
0 0.845395 0.172338 0.009868 0.009879
0 0.982730 0.180022 0.010691 0.009879
0 0.989309 0.207464 0.008224 0.007684
2 0.981908 0.218441 0.028783 0.029638