2 0.149877 0.546053 0.081081 0.369518
2 0.266175 0.573465 0.091728 0.460526
2 0.379197 0.572368 0.110565 0.457237
2 0.481572 0.618421 0.126945 0.472588
2 0.607699 0.546053 0.077805 0.310307
2 0.773137 0.672149 0.169533 0.586623
2 0.680590 0.578947 0.096642 0.469298
2 0.878788 0.609649 0.097461 0.455044
2 0.940213 0.544956 0.076986 0.247807
0 0.270270 0.366228 0.049959 0.043860
0 0.375921 0.367325 0.046683 0.047149
0 0.685504 0.365132 0.052416 0.041667
0 0.596233 0.405702 0.031122 0.029605
0 0.873055 0.401316 0.054054 0.039474
0 0.828829 0.440789 0.045864 0.033991
1 0.878788 0.520833 0.097461 0.166667
0 0.429156 0.412281 0.026208 0.027412
2 0.435708 0.450658 0.038493 0.104167
2 0.534808 0.575658 0.069615 0.428728
2 0.825553 0.595395 0.052416 0.344298