2 0.229320 0.369518 0.042588 0.094298
2 0.534808 0.262061 0.025389 0.084430
2 0.986896 0.337719 0.028665 0.129386
2 0.842752 0.333333 0.021294 0.082237
2 0.279279 0.364035 0.031122 0.112939
0 0.844390 0.250000 0.036036 0.053728
0 0.215397 0.331140 0.011466 0.015351
0 0.273546 0.316886 0.013923 0.016447
0 0.538084 0.226974 0.013923 0.014254
0 0.843571 0.298246 0.012285 0.012061
0 0.991810 0.279605 0.015561 0.013158
2 0.614251 0.343202 0.022113 0.071272
2 0.567568 0.341009 0.025389 0.076754
2 0.684685 0.205044 0.038493 0.059211
2 0.859132 0.314693 0.012285 0.041667
0 0.859132 0.298246 0.009828 0.009868
2 0.416052 0.339912 0.016380 0.058114
0 0.559378 0.308114 0.009009 0.010965
0 0.687961 0.179825 0.009828 0.008772