2 0.162007 0.442371 0.034539 0.113063
2 0.378289 0.350165 0.047697 0.103183
2 0.562500 0.353458 0.031250 0.093304
2 0.379934 0.554336 0.052632 0.073546
2 0.533717 0.577388 0.050164 0.073546
2 0.734375 0.579583 0.041118 0.058178
2 0.810855 0.451153 0.034539 0.109769
2 0.964638 0.363337 0.047697 0.127333
2 0.755757 0.196487 0.028783 0.102086
2 0.681743 0.185510 0.026316 0.113063
2 0.649671 0.186608 0.025493 0.105379
2 0.897204 0.291987 0.032072 0.113063
2 0.885691 0.266740 0.030428 0.114160
0 0.388980 0.541164 0.013980 0.019759
0 0.241776 0.517014 0.015625 0.018661
0 0.368421 0.306257 0.013980 0.014270
0 0.566612 0.315038 0.013158 0.016465
0 0.747533 0.559824 0.015625 0.018661
0 0.816612 0.407245 0.015625 0.020856
0 0.976151 0.307355 0.019737 0.017563
0 0.895559 0.245884 0.015625 0.020856
0 0.890625 0.218441 0.015625 0.017563
0 0.759046 0.152580 0.012336 0.014270
0 0.683388 0.135016 0.009868 0.009879
0 0.652138 0.140505 0.010691 0.013172
0 0.518092 0.565313 0.013980 0.017563
0 0.880757 0.199780 0.011513 0.014270
2 0.871711 0.246981 0.039474 0.118551
2 0.243421 0.560922 0.042763 0.104281
0 0.644737 0.130626 0.012336 0.014270
2 0.639803 0.175631 0.022204 0.104281
2 0.755757 0.060373 0.015625 0.042810
0 0.759046 0.045005 0.009046 0.012075