2 0.345774 0.860197 0.241493 0.281250
0 0.432492 0.749178 0.068057 0.057566
0 0.251372 0.345395 0.009879 0.004934
2 0.372119 0.484375 0.017563 0.035362
2 0.366630 0.476151 0.020856 0.042763
2 0.250274 0.361842 0.014270 0.037007
2 0.107574 0.490954 0.023052 0.016447
2 0.017563 0.481908 0.013172 0.022204
2 0.007684 0.481908 0.012075 0.022204
0 0.363337 0.458882 0.009879 0.007401
0 0.374314 0.469572 0.009879 0.006579
0 0.015368 0.472862 0.006586 0.004934
0 0.113063 0.486842 0.009879 0.007401
0 0.004391 0.473684 0.005488 0.005757