2 0.095238 0.408991 0.131725 0.523026
2 0.305504 0.793860 0.124923 0.414474
2 0.423006 0.221491 0.034632 0.106360
2 0.904143 0.509868 0.094620 0.228070
0 0.079159 0.176535 0.049474 0.059211
2 0.455782 0.935307 0.089054 0.131579
0 0.319109 0.625000 0.082870 0.078947
0 0.455782 0.915570 0.087817 0.096491
0 0.901670 0.416667 0.049474 0.038377
0 0.426098 0.187500 0.027829 0.037281
0 0.489796 0.213816 0.032777 0.041667
0 0.510823 0.144737 0.016079 0.025219
2 0.492270 0.220395 0.038343 0.053728
2 0.515770 0.182018 0.034014 0.099781