2 0.407895 0.594951 0.060033 0.152580
2 0.243421 0.602634 0.061678 0.174533
2 0.268092 0.512623 0.045230 0.142700
2 0.220395 0.444566 0.058388 0.142700
2 0.170230 0.361142 0.032895 0.107574
2 0.472862 0.405049 0.028783 0.114160
2 0.644737 0.418222 0.037007 0.113063
2 0.552632 0.304061 0.022204 0.070252
2 0.526316 0.306257 0.022204 0.093304
0 0.402961 0.532382 0.019737 0.027442
0 0.235197 0.525796 0.020559 0.020856
0 0.264803 0.453348 0.018092 0.023052
0 0.222862 0.381998 0.016447 0.016465
0 0.163651 0.313941 0.012336 0.012075
0 0.649671 0.367728 0.014803 0.013172
0 0.472862 0.356751 0.014803 0.016465
0 0.550164 0.275521 0.011513 0.012075
0 0.527961 0.265642 0.009868 0.012075
2 0.488487 0.185510 0.014803 0.055982
0 0.486842 0.161361 0.007401 0.007684
2 0.518092 0.185510 0.014803 0.055982
0 0.518914 0.162459 0.009868 0.009879
2 0.095395 0.147091 0.014803 0.057080
2 0.185033 0.115258 0.011513 0.034029
2 0.095395 0.079034 0.010691 0.035126
2 0.088816 0.081229 0.009868 0.029638
0 0.092928 0.122942 0.007401 0.008782
0 0.183388 0.102086 0.005757 0.007684
0 0.086349 0.069155 0.004934 0.006586
0 0.093750 0.064764 0.005757 0.006586