2 0.112664 0.526893 0.034539 0.106476
2 0.532072 0.410538 0.027138 0.076839
2 0.540296 0.353458 0.017270 0.077936
2 0.387336 0.439078 0.032895 0.098793
2 0.284539 0.454446 0.055099 0.107574
2 0.150493 0.425906 0.025493 0.092206
2 0.009046 0.290889 0.016447 0.053787
2 0.216283 0.334797 0.021382 0.071350
2 0.240954 0.332602 0.018914 0.066959
2 0.264803 0.334797 0.018914 0.063666
0 0.144737 0.362239 0.012336 0.012075
0 0.144737 0.386389 0.012336 0.013172
0 0.105263 0.479693 0.014803 0.013172
0 0.292763 0.408342 0.012336 0.015368
0 0.381579 0.396268 0.013980 0.012075
0 0.523026 0.380900 0.009868 0.016465
0 0.540296 0.318332 0.009046 0.007684
2 0.888158 0.517014 0.032895 0.049396
0 0.887336 0.502744 0.015625 0.021954
0 0.008224 0.268935 0.009046 0.009879
2 0.145559 0.379802 0.019737 0.048299
0 0.212993 0.304061 0.009868 0.007684
0 0.238487 0.304061 0.009868 0.010977
0 0.259868 0.308452 0.009868 0.009879