2 0.504940 0.465461 0.039517 0.046053
2 0.419319 0.387336 0.021954 0.037829
0 0.493963 0.448191 0.010977 0.010691
0 0.414929 0.372533 0.008782 0.007401
2 0.282108 0.378289 0.026345 0.017270
2 0.271131 0.401316 0.018661 0.019737
2 0.240395 0.405428 0.018661 0.013158
2 0.294182 0.397204 0.023052 0.016447
2 0.330406 0.401316 0.016465 0.010691
0 0.243688 0.402138 0.010977 0.006579
0 0.270033 0.394737 0.008782 0.006579
0 0.294182 0.391447 0.009879 0.004934
0 0.326015 0.398026 0.008782 0.004934
0 0.291987 0.373355 0.006586 0.005757
2 0.632272 0.251645 0.012075 0.018914
2 0.993414 0.350329 0.016465 0.019737
0 0.987925 0.342928 0.006586 0.004112