2 0.257958 0.075658 0.053787 0.088816
2 0.892426 0.200658 0.082327 0.104441
2 0.447859 0.119243 0.085620 0.195724
2 0.493963 0.092105 0.060373 0.129934
2 0.205269 0.064967 0.058178 0.117599
0 0.444566 0.034539 0.037322 0.025493
0 0.482986 0.036184 0.028540 0.017270
0 0.188804 0.012336 0.021954 0.013158
0 0.252470 0.037829 0.026345 0.013158
0 0.894621 0.160362 0.031833 0.023849
2 0.799122 0.138158 0.035126 0.050164
2 0.913282 0.140625 0.036224 0.042763
0 0.810099 0.120066 0.014270 0.012336
0 0.916575 0.125822 0.020856 0.013158