2 0.052632 0.596048 0.079770 0.332602
2 0.268092 0.544457 0.095395 0.275521
2 0.775493 0.456641 0.062500 0.215148
2 0.875822 0.447859 0.060855 0.105379
0 0.236842 0.428101 0.031250 0.043908
0 0.062500 0.447859 0.040296 0.036224
0 0.113487 0.467618 0.021382 0.040615
0 0.875000 0.406147 0.022204 0.020856
0 0.794408 0.362239 0.025493 0.025247
0 0.572368 0.383096 0.014803 0.023052
2 0.092928 0.546652 0.063322 0.198683
0 0.370066 0.357849 0.013980 0.010977
0 0.850329 0.268935 0.011513 0.010977
2 0.848684 0.308452 0.026316 0.090011
2 0.558388 0.414929 0.060033 0.086718
2 0.365132 0.379802 0.031250 0.054885
2 0.389803 0.306257 0.018092 0.061471
0 0.384868 0.316136 0.008224 0.012075