2 0.726974 0.721491 0.157895 0.560307
2 0.616776 0.611842 0.061678 0.290570
2 0.565789 0.589912 0.041118 0.240132
2 0.514803 0.605263 0.042763 0.282895
2 0.479441 0.611842 0.050164 0.307018
2 0.442434 0.582237 0.045230 0.237939
2 0.402961 0.565789 0.049342 0.229167
2 0.347039 0.558114 0.047697 0.217105
2 0.281250 0.648026 0.060855 0.292763
2 0.241776 0.576754 0.074013 0.229167
0 0.246711 0.473684 0.027138 0.024123
0 0.275493 0.455044 0.022204 0.019737
0 0.345395 0.459430 0.023849 0.018640
0 0.432566 0.474781 0.025493 0.023026
0 0.559211 0.481360 0.025493 0.023026
2 0.278783 0.485746 0.041941 0.081140
0 0.417763 0.520833 0.016447 0.027412