2 0.365954 0.347969 0.030428 0.108672
2 0.107730 0.315038 0.046875 0.107574
2 0.638158 0.255763 0.029605 0.117453
2 0.201480 0.196487 0.020559 0.068057
2 0.176809 0.201976 0.022204 0.080132
0 0.112664 0.275521 0.018914 0.025247
0 0.369243 0.300768 0.013980 0.013172
0 0.176809 0.167947 0.013158 0.012075
0 0.204770 0.167947 0.013158 0.010977
0 0.641447 0.209660 0.013158 0.012075
2 0.435033 0.244786 0.023849 0.084523
0 0.434211 0.207464 0.012336 0.009879
2 0.504934 0.220637 0.027138 0.066959
0 0.506579 0.192097 0.011513 0.009879