2 0.569901 0.466520 0.111020 0.172338
0 0.583882 0.408342 0.036184 0.057080
2 0.476151 0.153677 0.011513 0.058178
2 0.492599 0.153677 0.015625 0.055982
2 0.506579 0.151482 0.012336 0.058178
2 0.526316 0.154775 0.015625 0.050494
2 0.544408 0.151482 0.017270 0.051592
2 0.564967 0.150384 0.009868 0.048299
2 0.586349 0.152580 0.013980 0.053787
0 0.476151 0.128430 0.007401 0.007684
0 0.491776 0.128430 0.005757 0.006586
0 0.506579 0.125137 0.006579 0.006586
0 0.527138 0.132821 0.008224 0.006586
0 0.538651 0.128430 0.006579 0.006586
0 0.564145 0.130626 0.007401 0.007684
0 0.585526 0.128430 0.007401 0.006586