2 0.201474 0.628289 0.180999 0.745614
2 0.101556 0.555921 0.092547 0.573465
2 0.393120 0.484649 0.077805 0.425439
2 0.352170 0.467105 0.072072 0.357456
2 0.470925 0.468202 0.095823 0.309211
2 0.551188 0.507675 0.077805 0.286184
2 0.631450 0.520833 0.063882 0.334430
2 0.733825 0.650219 0.152334 0.601974
2 0.872236 0.592105 0.151515 0.557018
2 0.826372 0.562500 0.088452 0.475877
0 0.190008 0.337719 0.100737 0.097588
0 0.113841 0.333333 0.063882 0.095395
0 0.408681 0.301535 0.054873 0.051535
2 0.669124 0.470395 0.051597 0.232456
2 0.537265 0.396930 0.050778 0.172149