2 0.628979 0.263980 0.105379 0.195724
2 0.238200 0.202303 0.047201 0.037829
0 0.638858 0.179276 0.041712 0.026316
2 0.389682 0.191612 0.036224 0.063322
2 0.368825 0.172697 0.024149 0.029605
2 0.571899 0.191612 0.037322 0.067434
0 0.569704 0.162829 0.014270 0.009046
0 0.378705 0.163651 0.014270 0.008224
0 0.373216 0.162007 0.010977 0.007401
0 0.714599 0.161184 0.018661 0.006579
0 0.777168 0.161184 0.017563 0.006579
0 0.935236 0.166941 0.015368 0.010691
2 0.708013 0.178454 0.042810 0.041118
2 0.773875 0.175987 0.025247 0.036184
2 0.933041 0.187500 0.030735 0.051809
2 0.903403 0.186678 0.018661 0.050987
0 0.901207 0.165296 0.015368 0.008224
0 0.236004 0.188322 0.015368 0.007401