2 0.661910 0.560855 0.160263 0.159539
2 0.605928 0.435855 0.040615 0.090461
2 0.541164 0.439145 0.031833 0.087993
2 0.509330 0.438322 0.032931 0.082237
2 0.467618 0.444079 0.053787 0.071546
2 0.406147 0.437500 0.042810 0.095395
2 0.354555 0.430099 0.035126 0.080592
2 0.381998 0.429276 0.020856 0.058388
0 0.354555 0.398849 0.031833 0.017270
0 0.386389 0.403783 0.012075 0.008224
0 0.398463 0.394737 0.020856 0.009868
0 0.455543 0.413651 0.019759 0.009046
0 0.515917 0.403783 0.018661 0.013158
0 0.540066 0.399671 0.017563 0.009868
0 0.598244 0.397204 0.026345 0.013158