2 0.680571 0.637336 0.049396 0.100329
2 0.275521 0.736020 0.085620 0.089638
2 0.884742 0.805099 0.116356 0.094572
2 0.626784 0.744243 0.059276 0.087171
2 0.260154 0.572368 0.054885 0.069079
2 0.343578 0.499178 0.032931 0.067434
2 0.036224 0.638158 0.065862 0.050987
2 0.939627 0.643092 0.046103 0.068257
0 0.347969 0.470395 0.014270 0.009868
0 0.048299 0.620888 0.020856 0.015625
0 0.241493 0.545230 0.017563 0.014803
0 0.243688 0.700658 0.020856 0.017270
0 0.610318 0.710526 0.026345 0.017270
0 0.892426 0.767270 0.032931 0.019737
0 0.679473 0.593750 0.023052 0.013158
0 0.945115 0.617599 0.021954 0.017270
2 0.039517 0.314145 0.019759 0.023026
2 0.138310 0.313322 0.019759 0.023849
2 0.186608 0.314967 0.016465 0.030428
2 0.017563 0.295230 0.018661 0.030428
2 0.020856 0.286184 0.012075 0.027961
0 0.045005 0.305921 0.008782 0.006579