2 0.436527 0.741228 0.329238 0.519737
2 0.796888 0.527412 0.301392 0.947368
0 0.475020 0.561404 0.140868 0.156798
0 0.831286 0.123904 0.124488 0.140351
2 0.070434 0.182018 0.019656 0.059211
2 0.197379 0.182018 0.017199 0.065789
2 0.217035 0.164474 0.019656 0.042763
2 0.242424 0.180921 0.021294 0.074561
0 0.072891 0.157895 0.009009 0.010965
0 0.197379 0.153509 0.008190 0.008772
0 0.221130 0.148026 0.009828 0.009868
2 0.473382 0.146930 0.013923 0.061404
2 0.484848 0.148026 0.012285 0.055921
0 0.474201 0.120614 0.008190 0.008772
0 0.484848 0.126096 0.008190 0.008772