2 0.925987 0.448957 0.050164 0.158068
2 0.292763 0.231614 0.035362 0.091109
2 0.260691 0.777168 0.083059 0.246981
2 0.655428 0.529089 0.064145 0.181120
2 0.564967 0.418222 0.060033 0.145993
2 0.606908 0.424808 0.030428 0.150384
0 0.268092 0.669594 0.029605 0.029638
0 0.281250 0.193194 0.012336 0.013172
0 0.653783 0.450055 0.020559 0.024149
0 0.609375 0.361142 0.018914 0.020856
0 0.576480 0.358946 0.016447 0.021954
0 0.935855 0.383096 0.021382 0.023052
0 0.216283 0.917673 0.044408 0.045005
2 0.241776 0.947311 0.095395 0.107574
0 0.500822 0.166850 0.009868 0.010977
0 0.429276 0.097695 0.007401 0.008782
0 0.717105 0.113063 0.007401 0.009879
2 0.502467 0.184413 0.022204 0.046103
2 0.708882 0.127333 0.024671 0.039517
2 0.429276 0.108672 0.018092 0.029638
2 0.849507 0.199780 0.025493 0.068057
0 0.847862 0.170143 0.007401 0.008782