2 0.443898 0.391447 0.040131 0.165570
2 0.459459 0.591009 0.135954 0.203947
2 0.596233 0.484649 0.098280 0.286184
2 0.687961 0.458333 0.072891 0.255482
2 0.776413 0.483553 0.090909 0.236842
0 0.046683 0.236842 0.044226 0.060307
2 0.021294 0.361842 0.040131 0.110746
2 0.513514 0.453947 0.038493 0.070175
0 0.011466 0.312500 0.013923 0.012061
0 0.446355 0.316886 0.017199 0.016447
0 0.517609 0.427632 0.018018 0.016447
0 0.506142 0.514254 0.043407 0.047149
0 0.629812 0.365132 0.032760 0.047149
0 0.709255 0.350877 0.027846 0.040570
0 0.754300 0.380482 0.026208 0.027412