2 0.392301 0.631579 0.067158 0.156798
2 0.919738 0.427632 0.038493 0.069079
2 0.577396 0.497807 0.048321 0.111842
2 0.508600 0.478070 0.030303 0.085526
2 0.476658 0.494518 0.018018 0.088816
2 0.688780 0.490132 0.033579 0.109649
2 0.723178 0.467105 0.037674 0.064693
0 0.394758 0.563596 0.022932 0.020833
0 0.711712 0.442982 0.011466 0.016447
0 0.698608 0.445175 0.015561 0.020833
0 0.579034 0.449561 0.014742 0.014254
2 0.495495 0.453947 0.013104 0.074561
0 0.479115 0.456140 0.012285 0.012061
0 0.513514 0.442982 0.012285 0.015351
0 0.497952 0.422149 0.007371 0.009868
2 0.553645 0.492325 0.027027 0.100877
0 0.552826 0.447368 0.013104 0.010965
0 0.915643 0.401316 0.014742 0.014254
2 0.676495 0.462719 0.034398 0.069079
0 0.687961 0.436404 0.011466 0.015351
0 0.720721 0.395833 0.012285 0.014254
0 0.731368 0.388158 0.009009 0.010965
0 0.739558 0.388158 0.009009 0.010965
0 0.723178 0.373904 0.008190 0.010965
2 0.729730 0.422149 0.014742 0.077851
2 0.742015 0.421053 0.011466 0.075658
2 0.719083 0.416667 0.014742 0.057018
2 0.720721 0.388158 0.021294 0.038377
2 0.121212 0.323465 0.013104 0.050439