2 0.716283 0.686059 0.027961 0.088913
0 0.717928 0.649835 0.012336 0.016465
2 0.129112 0.734358 0.040296 0.064764
0 0.114309 0.709111 0.010691 0.015368
2 0.356086 0.655324 0.023026 0.054885
2 0.317434 0.552141 0.022204 0.042810
2 0.431743 0.727772 0.017270 0.021954
2 0.520559 0.672887 0.019737 0.059276
2 0.481908 0.703622 0.020559 0.059276
2 0.486020 0.686059 0.013980 0.030735
0 0.430099 0.721186 0.009046 0.008782
0 0.478618 0.678375 0.007401 0.007684
0 0.484375 0.676180 0.007401 0.010977
0 0.516447 0.648738 0.009868 0.008782
0 0.348684 0.632272 0.007401 0.008782
0 0.309211 0.533480 0.005757 0.006586
2 0.606086 0.350165 0.013158 0.042810
2 0.616776 0.297475 0.009868 0.041712
2 0.630757 0.281010 0.014803 0.029638
2 0.744243 0.291987 0.015625 0.043908
2 0.776316 0.271131 0.012336 0.043908
2 0.766447 0.245884 0.013158 0.041712
0 0.608553 0.062569 0.003289 0.005488
0 0.602796 0.332602 0.006579 0.007684
0 0.615954 0.279912 0.006579 0.006586
0 0.636513 0.268935 0.004112 0.006586
2 0.847039 0.208562 0.011513 0.037322
0 0.743421 0.273326 0.006579 0.006586
0 0.774671 0.252470 0.005757 0.005488
0 0.849507 0.194292 0.005757 0.007684
0 0.764803 0.228321 0.004934 0.005488
0 0.570724 0.072448 0.004112 0.004391
2 0.598684 0.097695 0.009046 0.017563
2 0.574836 0.083425 0.012336 0.026345
2 0.532895 0.076839 0.010691 0.027442
2 0.611020 0.070252 0.007401 0.021954
2 0.647204 0.126235 0.007401 0.026345
2 0.665296 0.130626 0.015625 0.021954
2 0.792763 0.093304 0.010691 0.028540
2 0.786184 0.090011 0.008224 0.026345
0 0.913651 0.364435 0.007401 0.008782
0 0.659539 0.126235 0.004934 0.007684
2 0.921053 0.374314 0.024671 0.032931
2 0.261513 0.125137 0.010691 0.026345
2 0.277961 0.124040 0.009046 0.019759
2 0.304276 0.102086 0.009868 0.023052
2 0.319079 0.104281 0.009868 0.021954
2 0.324013 0.096597 0.010691 0.028540
2 0.151316 0.077936 0.011513 0.026345
2 0.034539 0.143798 0.009046 0.016465
0 0.259046 0.115258 0.005757 0.005488
0 0.280428 0.121844 0.003289 0.005488
0 0.301809 0.092206 0.004934 0.004391
0 0.316612 0.096597 0.004112 0.005488
0 0.321546 0.085620 0.004112 0.005488