2 0.208026 0.633772 0.122031 0.587719
2 0.406224 0.657895 0.162162 0.666667
2 0.649468 0.592105 0.084357 0.459430
2 0.486486 0.592105 0.088452 0.470395
2 0.726454 0.483553 0.058968 0.226974
2 0.782146 0.474781 0.078624 0.202851
0 0.210483 0.368421 0.062244 0.058114
0 0.369369 0.356360 0.062244 0.062500
0 0.416052 0.372807 0.044226 0.047149
0 0.472563 0.380482 0.048321 0.043860
0 0.629812 0.392544 0.045864 0.060307
0 0.729730 0.380482 0.024570 0.020833
0 0.780508 0.387061 0.026208 0.030702
2 0.610156 0.487939 0.048321 0.225877