2 0.037007 0.546652 0.050164 0.188804
2 0.198191 0.628979 0.046053 0.192097
2 0.211349 0.524698 0.037829 0.105379
2 0.636513 0.158068 0.019737 0.069155
2 0.613487 0.154775 0.021382 0.070252
0 0.189145 0.543359 0.027961 0.021954
0 0.203947 0.481888 0.023026 0.018661
0 0.038651 0.465423 0.024671 0.025247
0 0.021382 0.759605 0.023849 0.036224
2 0.060855 0.297475 0.026316 0.059276
0 0.064967 0.281010 0.012336 0.014270
0 0.618421 0.125137 0.009046 0.009879
0 0.636513 0.127333 0.009046 0.008782
2 0.017270 0.834248 0.032895 0.185510
2 0.206414 0.105379 0.017270 0.053787
2 0.238487 0.064764 0.015625 0.046103
2 0.185033 0.028540 0.008224 0.036224
2 0.154605 0.071350 0.018092 0.027442
2 0.006579 0.135016 0.010691 0.055982
2 0.046053 0.143798 0.016447 0.062569
2 0.040296 0.115258 0.016447 0.029638
2 0.110197 0.053787 0.010691 0.047201
2 0.125000 0.025247 0.013158 0.036224
2 0.155428 0.040615 0.011513 0.025247
0 0.041941 0.116356 0.008224 0.007684
0 0.041118 0.104281 0.008224 0.007684
0 0.203125 0.082327 0.009868 0.007684
0 0.153783 0.029638 0.004112 0.004391
0 0.108553 0.032931 0.005757 0.006586
0 0.235197 0.045005 0.006579 0.006586
0 0.183388 0.013172 0.004112 0.005488
0 0.124178 0.009879 0.004934 0.005488