2 0.080592 0.493963 0.032072 0.103183
2 0.106086 0.492865 0.030428 0.119649
2 0.141447 0.496158 0.033717 0.116356
2 0.212993 0.497256 0.027138 0.105379
2 0.303454 0.466520 0.023849 0.070252
2 0.345395 0.467618 0.019737 0.076839
0 0.079770 0.453348 0.016447 0.018661
0 0.099507 0.442371 0.016447 0.017563
0 0.143914 0.450055 0.015625 0.018661
0 0.172697 0.445664 0.016447 0.018661
0 0.213816 0.454446 0.015625 0.017563
0 0.304276 0.439078 0.009868 0.010977
0 0.347039 0.439078 0.012336 0.012075
2 0.177632 0.495060 0.035362 0.119649