2 0.184413 0.609375 0.139407 0.119243
2 0.579583 0.268914 0.028540 0.026316
2 0.633370 0.273026 0.025247 0.018092
2 0.664105 0.314145 0.034029 0.041118
2 0.718990 0.342928 0.034029 0.018914
2 0.836443 0.397204 0.028540 0.038651
2 0.311745 0.643092 0.082327 0.120066
0 0.225027 0.564145 0.026345 0.027961
0 0.322722 0.594572 0.036224 0.020559
2 0.083425 0.114309 0.063666 0.043586
2 0.073546 0.042763 0.038419 0.049342
0 0.084523 0.023849 0.016465 0.012336
0 0.096597 0.100329 0.016465 0.012336
0 0.844127 0.382401 0.012075 0.007401
0 0.731065 0.339638 0.007684 0.007401
0 0.672887 0.296875 0.012075 0.006579
0 0.639956 0.268914 0.008782 0.007401
0 0.589462 0.259868 0.009879 0.006579
2 0.295280 0.122533 0.016465 0.021382
2 0.307355 0.119243 0.014270 0.029605
0 0.297475 0.116776 0.010977 0.009868
0 0.307355 0.108553 0.012075 0.007401
2 0.985730 0.756579 0.030735 0.035362
2 0.964874 0.709704 0.073546 0.066612