2 0.176729 0.314145 0.081229 0.108553
2 0.427003 0.280428 0.081229 0.077303
2 0.578485 0.340461 0.094402 0.101151
2 0.091109 0.300164 0.065862 0.097039
2 0.699232 0.361020 0.061471 0.086349
2 0.649835 0.346217 0.062569 0.092105
2 0.949506 0.379934 0.057080 0.072368
0 0.200878 0.273026 0.028540 0.023026
0 0.602634 0.296875 0.024149 0.013980
0 0.668496 0.307566 0.024149 0.014803
0 0.718990 0.324836 0.023052 0.013980
0 0.457739 0.249178 0.019759 0.013980
0 0.094402 0.260691 0.027442 0.015625
2 0.872667 0.321546 0.061471 0.064145
0 0.895719 0.296053 0.015368 0.012336
0 0.969265 0.348684 0.013172 0.009046
2 0.126235 0.110197 0.050494 0.085526
0 0.140505 0.073191 0.016465 0.010691