2 0.747533 0.533991 0.044408 0.167763
2 0.555921 0.516447 0.027961 0.069079
2 0.286184 0.479167 0.021382 0.081140
2 0.412007 0.535088 0.045230 0.161184
2 0.365132 0.546053 0.036184 0.175439
2 0.341283 0.505482 0.031250 0.091009
2 0.431743 0.485746 0.019737 0.036184
0 0.430099 0.472588 0.009868 0.010965
0 0.405428 0.462719 0.032072 0.017544
0 0.367599 0.468202 0.032072 0.019737
0 0.338816 0.468202 0.026316 0.016447
0 0.285362 0.446272 0.013980 0.015351
2 0.620888 0.542763 0.026316 0.025219
0 0.620066 0.537281 0.023849 0.015351
0 0.754934 0.461623 0.029605 0.023026