0 0.918586 0.187706 0.009046 0.008782
0 0.902961 0.266740 0.009868 0.013172
2 0.925987 0.215148 0.029605 0.079034
2 0.893914 0.298573 0.031250 0.073546
2 0.046875 0.570801 0.050164 0.086718
2 0.159539 0.509330 0.048520 0.075741
2 0.145559 0.809001 0.076480 0.222832
2 0.184211 0.341383 0.030428 0.104281
0 0.122533 0.714599 0.031250 0.031833
0 0.032895 0.542261 0.019737 0.027442
0 0.142270 0.482986 0.014803 0.023052
0 0.184211 0.295280 0.011513 0.012075
0 0.597862 0.357849 0.013158 0.020856
2 0.606086 0.407245 0.034539 0.119649
2 0.574836 0.293085 0.023849 0.104281
0 0.575658 0.246981 0.013980 0.013172
2 0.772204 0.226125 0.023026 0.082327
2 0.827303 0.267838 0.034539 0.070252
0 0.768914 0.189901 0.009868 0.010977
0 0.837993 0.240395 0.009046 0.014270