2 0.941822 0.485197 0.052689 0.129112
2 0.565313 0.498355 0.103183 0.112664
2 0.666301 0.461349 0.034029 0.074013
2 0.379802 0.454770 0.038419 0.081414
2 0.225027 0.459704 0.040615 0.093750
2 0.082327 0.460526 0.059276 0.107730
2 0.138310 0.481086 0.051592 0.062500
0 0.075741 0.416118 0.028540 0.018092
0 0.141603 0.461349 0.043908 0.023026
0 0.222832 0.420230 0.019759 0.013980
0 0.384193 0.419408 0.019759 0.011513
0 0.668496 0.430099 0.019759 0.011513
2 0.603732 0.464638 0.029638 0.080592
2 0.612514 0.433388 0.023052 0.032895
0 0.611416 0.421053 0.018661 0.008224
2 0.498353 0.469572 0.028540 0.089638
2 0.698134 0.453125 0.034029 0.048520
0 0.498353 0.428454 0.017563 0.009046