2 0.552632 0.257958 0.038651 0.076839
2 0.506579 0.165752 0.018092 0.062569
2 0.491776 0.170143 0.015625 0.066959
2 0.364309 0.238200 0.037007 0.115258
2 0.327303 0.200878 0.018092 0.102086
2 0.338816 0.196487 0.015625 0.097695
2 0.233553 0.205269 0.028783 0.096597
2 0.251645 0.173436 0.016447 0.062569
2 0.195724 0.159166 0.018092 0.052689
2 0.060033 0.167947 0.018092 0.061471
2 0.109375 0.165752 0.018092 0.062569
2 0.123355 0.161361 0.013980 0.060373
0 0.058388 0.141603 0.007401 0.008782
0 0.107730 0.138310 0.007401 0.008782
0 0.123355 0.133919 0.007401 0.006586
0 0.231086 0.163557 0.012336 0.012075
0 0.249178 0.147091 0.010691 0.008782
2 0.225329 0.156970 0.013980 0.052689
0 0.223684 0.133919 0.008224 0.006586
0 0.325658 0.154775 0.012336 0.009879
0 0.336349 0.152580 0.010691 0.009879
0 0.367599 0.188804 0.015625 0.016465
2 0.610197 0.175631 0.013158 0.024149
0 0.553454 0.228321 0.019737 0.016465
0 0.490954 0.141603 0.008224 0.009879
0 0.505757 0.138310 0.008224 0.007684
0 0.611020 0.167947 0.006579 0.008782