2 0.398026 0.714599 0.034539 0.145993
2 0.686678 0.312843 0.026316 0.088913
2 0.897204 0.317234 0.033717 0.095499
2 0.726151 0.335895 0.023849 0.035126
2 0.231086 0.345774 0.039474 0.097695
2 0.290296 0.361142 0.028783 0.038419
2 0.331414 0.341383 0.020559 0.090011
2 0.483553 0.389682 0.045230 0.083425
2 0.428454 0.321625 0.022204 0.042810
2 0.380757 0.293085 0.015625 0.077936
2 0.801809 0.316136 0.027961 0.091109
0 0.401316 0.649835 0.016447 0.016465
0 0.226974 0.301866 0.013980 0.010977
0 0.297697 0.347969 0.009868 0.013172
0 0.331414 0.301866 0.010691 0.010977
0 0.499178 0.362239 0.011513 0.019759
0 0.681743 0.274424 0.011513 0.009879
0 0.906250 0.275521 0.014803 0.013172
0 0.931743 0.334797 0.013980 0.015368
0 0.629112 0.633370 0.013980 0.014270
2 0.624178 0.691548 0.024671 0.131723
0 0.380757 0.259056 0.009046 0.009879
0 0.434211 0.304061 0.009868 0.010977
2 0.505757 0.323820 0.018092 0.036224
2 0.605263 0.302964 0.016447 0.051592
0 0.610197 0.279912 0.007401 0.006586
0 0.731908 0.323820 0.009046 0.009879
0 0.812500 0.276619 0.011513 0.013172
2 0.819079 0.321625 0.024671 0.079034
2 0.928454 0.346872 0.025493 0.039517