2 0.560855 0.682766 0.043586 0.215148
2 0.537829 0.436883 0.038651 0.079034
2 0.642270 0.420417 0.041118 0.075741
2 0.304276 0.311745 0.022204 0.121844
0 0.569079 0.591658 0.027138 0.030735
0 0.300987 0.257958 0.015625 0.014270
2 0.444079 0.315038 0.039474 0.088913
0 0.537829 0.410538 0.014803 0.025247
0 0.650493 0.391877 0.014803 0.019759
2 0.074836 0.051592 0.023026 0.034029
2 0.106908 0.043908 0.016447 0.036224
2 0.347039 0.034029 0.009046 0.041712
2 0.337171 0.034029 0.008224 0.016465
0 0.078125 0.043908 0.007401 0.012075
0 0.102796 0.030735 0.008224 0.010977
0 0.337171 0.028540 0.004934 0.006586
0 0.347039 0.017563 0.006579 0.008782