2 0.432566 0.470911 0.033717 0.092206
2 0.735197 0.467618 0.021382 0.034029
2 0.236842 0.506037 0.046053 0.174533
2 0.271382 0.477497 0.033717 0.104281
2 0.170230 0.506037 0.046053 0.172338
2 0.115132 0.495060 0.055921 0.190999
2 0.044408 0.488474 0.031250 0.158068
2 0.009868 0.474204 0.017270 0.093304
2 0.081414 0.467618 0.013980 0.088913
0 0.010691 0.435785 0.015625 0.016465
0 0.046053 0.420417 0.021382 0.019759
0 0.081414 0.429199 0.013158 0.012075
0 0.114309 0.410538 0.021382 0.020856
0 0.230263 0.428101 0.022204 0.019759
0 0.276316 0.430296 0.012336 0.010977
0 0.435855 0.430296 0.011513 0.009879
0 0.732730 0.455543 0.009046 0.010977