2 0.365954 0.556531 0.149671 0.402854
2 0.177632 0.500549 0.353618 0.998902
0 0.399671 0.395170 0.082237 0.079034
2 0.154605 0.395170 0.171053 0.788145
2 0.541118 0.686059 0.417763 0.627881
2 0.689145 0.676180 0.185033 0.220637
2 0.951480 0.848518 0.099507 0.306257
2 0.514803 0.111965 0.011513 0.052689
0 0.515625 0.090011 0.006579 0.007684
2 0.782072 0.099890 0.008224 0.027442
2 0.794408 0.100988 0.009046 0.030735
2 0.802632 0.102086 0.006579 0.032931
2 0.866776 0.103183 0.009046 0.034029
0 0.868421 0.088913 0.004934 0.006586
0 0.791941 0.088913 0.004934 0.006586
0 0.804276 0.088913 0.004112 0.005488