1 0.567708 0.572917 0.052083 0.093750
1 0.059896 0.562500 0.039062 0.052083
1 0.231771 0.586806 0.033854 0.065972
1 0.320312 0.600694 0.049479 0.083333
1 0.403646 0.569444 0.049479 0.079861
1 0.526042 0.593750 0.039062 0.072917
1 0.643229 0.572917 0.039062 0.065972
1 0.682292 0.572917 0.036458 0.072917
1 0.723958 0.590278 0.044271 0.076389
1 0.804688 0.565972 0.052083 0.076389
1 0.973958 0.569444 0.052083 0.083333
0 0.554688 0.743056 0.111979 0.458333
0 0.403646 0.750000 0.088542 0.447917
0 0.723958 0.750000 0.083333 0.375000
0 0.130208 0.725694 0.059896 0.329861
0 0.322917 0.750000 0.070312 0.395833
0 0.638021 0.690972 0.067708 0.302083
0 0.919271 0.795139 0.145833 0.420139
0 0.218750 0.725694 0.072917 0.354167
0 0.802083 0.677083 0.057292 0.284722
0 0.492188 0.697917 0.046875 0.298611
0 0.033854 0.715278 0.059896 0.333333
0 0.072917 0.708333 0.067708 0.315972
0 0.968750 0.614583 0.065104 0.149306
0 0.270833 0.704861 0.036458 0.312500
0 0.684896 0.666667 0.039062 0.239583