1 0.184000 0.464000 0.076000 0.133333
1 0.074000 0.418667 0.106000 0.170667
1 0.470000 0.474667 0.060000 0.106667
1 0.920000 0.402667 0.138000 0.210667
1 0.254000 0.480000 0.060000 0.106667
1 0.338000 0.464000 0.066000 0.096000
1 0.798000 0.482667 0.060000 0.114667
1 0.660000 0.453333 0.060000 0.096000
1 0.746000 0.445333 0.054000 0.106667
1 0.578000 0.469333 0.050000 0.082667
1 0.858000 0.461333 0.056000 0.141333
0 0.472000 0.672000 0.126000 0.485333
0 0.578000 0.632000 0.076000 0.405333
0 0.344000 0.674667 0.106000 0.525333
0 0.664000 0.642667 0.098000 0.493333
0 0.254000 0.704000 0.068000 0.578667
0 0.742000 0.677333 0.056000 0.544000
0 0.810000 0.712000 0.082000 0.584000
0 0.176000 0.701333 0.094000 0.586667
0 0.926000 0.645333 0.140000 0.712000
0 0.062000 0.664000 0.118000 0.624000