1 0.620000 0.362661 0.116000 0.175966
1 0.098000 0.390558 0.158000 0.238197
1 0.298000 0.399142 0.132000 0.197425
1 0.788000 0.401288 0.072000 0.145923
1 0.890000 0.412017 0.126000 0.184549
1 0.726000 0.401288 0.104000 0.163090
1 0.544000 0.354077 0.096000 0.171674
1 0.432000 0.437768 0.070000 0.109442
1 0.378000 0.405579 0.056000 0.137339
1 0.980000 0.396996 0.046000 0.173820
0 0.628000 0.594421 0.302000 0.641631
0 0.406000 0.622318 0.148000 0.637339
0 0.280000 0.600858 0.276000 0.585837
0 0.884000 0.605150 0.236000 0.594421
0 0.516000 0.418455 0.158000 0.266094
0 0.122000 0.585837 0.240000 0.611588
0 0.526000 0.598712 0.158000 0.753219