0 0.566000 0.561562 0.244000 0.534535
1 0.876000 0.189189 0.074000 0.141141
1 0.574000 0.141141 0.082000 0.126126
1 0.976000 0.165165 0.054000 0.126126
1 0.812000 0.183183 0.054000 0.132132
1 0.500000 0.390390 0.112000 0.195195
1 0.220000 0.333333 0.056000 0.090090
1 0.556000 0.261261 0.042000 0.084084
1 0.720000 0.192192 0.038000 0.069069
0 0.788000 0.426426 0.104000 0.609610
0 0.282000 0.633634 0.324000 0.732733
0 0.894000 0.333333 0.136000 0.438438
0 0.714000 0.237237 0.052000 0.174174
0 0.972000 0.243243 0.062000 0.231231
0 0.952000 0.522523 0.096000 0.753754