1 0.540000 0.333333 0.068000 0.135802
1 0.458000 0.342593 0.078000 0.154321
1 0.920000 0.364198 0.058000 0.120370
1 0.250000 0.324074 0.094000 0.182099
1 0.712000 0.327161 0.104000 0.172840
1 0.812000 0.441358 0.054000 0.120370
1 0.024000 0.404321 0.032000 0.074074
1 0.066000 0.407407 0.050000 0.108025
0 0.462000 0.638889 0.152000 0.731481
0 0.926000 0.608025 0.120000 0.552469
0 0.714000 0.629630 0.152000 0.703704
0 0.072000 0.586420 0.104000 0.435185
0 0.236000 0.623457 0.210000 0.716049
0 0.564000 0.617284 0.096000 0.706790
0 0.022000 0.586420 0.038000 0.401235