1 0.548000 0.351351 0.064000 0.129129
1 0.376000 0.366366 0.082000 0.156156
1 0.920000 0.279279 0.156000 0.252252
1 0.208000 0.354354 0.112000 0.183183
1 0.722000 0.402402 0.082000 0.135135
1 0.436000 0.351351 0.060000 0.123123
1 0.068000 0.330330 0.132000 0.222222
0 0.550000 0.591592 0.114000 0.594595
0 0.230000 0.639640 0.140000 0.714715
0 0.716000 0.657658 0.120000 0.657658
0 0.360000 0.639640 0.102000 0.654655
0 0.452000 0.579580 0.068000 0.561562
0 0.910000 0.576577 0.174000 0.852853
0 0.078000 0.609610 0.150000 0.780781