1 0.166000 0.400000 0.084000 0.122667
1 0.838000 0.504000 0.060000 0.096000
1 0.374000 0.437333 0.040000 0.072000
1 0.410000 0.461333 0.036000 0.056000
1 0.502000 0.504000 0.038000 0.056000
1 0.504000 0.424000 0.040000 0.058667
1 0.576000 0.434667 0.042000 0.058667
1 0.592000 0.410667 0.036000 0.058667
1 0.648000 0.418667 0.042000 0.066667
0 0.156000 0.672000 0.164000 0.645333
0 0.588000 0.565333 0.060000 0.309333
0 0.458000 0.581333 0.114000 0.192000
0 0.846000 0.637333 0.086000 0.352000
0 0.648000 0.501333 0.050000 0.210667
0 0.358000 0.576000 0.060000 0.317333
0 0.320000 0.584000 0.042000 0.218667
0 0.492000 0.442667 0.058000 0.093333
0 0.404000 0.546667 0.042000 0.229333