2 0.402000 0.582583 0.118000 0.303303
1 0.766000 0.336336 0.146000 0.219219
1 0.100000 0.441441 0.068000 0.126126
1 0.556000 0.462462 0.108000 0.153153
1 0.400000 0.438438 0.084000 0.123123
1 0.304000 0.516517 0.060000 0.111111
1 0.202000 0.531532 0.056000 0.084084
1 0.318000 0.426426 0.054000 0.087087
1 0.232000 0.492492 0.056000 0.081081
1 0.198000 0.465465 0.040000 0.063063
0 0.106000 0.675676 0.128000 0.537538
0 0.422000 0.684685 0.156000 0.603604
0 0.826000 0.621622 0.306000 0.765766
0 0.230000 0.684685 0.120000 0.444444
0 0.598000 0.702703 0.146000 0.576577