1 0.468000 0.400000 0.052000 0.090667
1 0.134000 0.456000 0.052000 0.080000
1 0.272000 0.421333 0.038000 0.058667
1 0.320000 0.418667 0.030000 0.069333
1 0.390000 0.445333 0.030000 0.053333
1 0.702000 0.413333 0.046000 0.064000
1 0.758000 0.397333 0.038000 0.082667
1 0.118000 0.408000 0.034000 0.061333
1 0.082000 0.426667 0.036000 0.056000
0 0.766000 0.565333 0.094000 0.378667
0 0.116000 0.597333 0.096000 0.354667
0 0.452000 0.565333 0.124000 0.392000
0 0.706000 0.528000 0.064000 0.304000
0 0.306000 0.541333 0.062000 0.320000
0 0.396000 0.536000 0.048000 0.237333
0 0.258000 0.541333 0.050000 0.280000
0 0.068000 0.544000 0.052000 0.280000
0 0.348000 0.549333 0.048000 0.253333