1 0.562000 0.325301 0.088000 0.159639
1 0.306000 0.316265 0.092000 0.180723
1 0.780000 0.355422 0.092000 0.180723
1 0.148000 0.364458 0.056000 0.111446
1 0.370000 0.409639 0.060000 0.114458
1 0.974000 0.382530 0.042000 0.144578
1 0.464000 0.397590 0.054000 0.108434
1 0.108000 0.382530 0.040000 0.093373
1 0.660000 0.427711 0.044000 0.081325
1 0.982000 0.295181 0.042000 0.219880
0 0.782000 0.602410 0.152000 0.629518
0 0.590000 0.641566 0.182000 0.725904
0 0.140000 0.587349 0.094000 0.539157
0 0.268000 0.599398 0.154000 0.704819
0 0.384000 0.647590 0.094000 0.578313
0 0.670000 0.581325 0.068000 0.394578
0 0.968000 0.611446 0.066000 0.575301
0 0.464000 0.536145 0.076000 0.421687