1 0.182000 0.279279 0.076000 0.126126
1 0.376000 0.411411 0.104000 0.150150
1 0.280000 0.537538 0.156000 0.219219
1 0.612000 0.246246 0.042000 0.087087
1 0.548000 0.273273 0.044000 0.087087
1 0.516000 0.276276 0.034000 0.072072
1 0.472000 0.276276 0.038000 0.093093
0 0.442000 0.396396 0.104000 0.372372
0 0.860000 0.543544 0.160000 0.918919
0 0.730000 0.462462 0.100000 0.615616
0 0.274000 0.711712 0.172000 0.585586
0 0.546000 0.300300 0.060000 0.123123
0 0.620000 0.399399 0.078000 0.408408
0 0.174000 0.465465 0.096000 0.534535
0 0.676000 0.420420 0.052000 0.426426