1 0.958000 0.111446 0.070000 0.129518
1 0.632000 0.894578 0.138000 0.219880
1 0.674000 0.120482 0.084000 0.174699
1 0.876000 0.126506 0.074000 0.120482
1 0.476000 0.213855 0.102000 0.183735
1 0.896000 0.298193 0.094000 0.147590
1 0.756000 0.352410 0.102000 0.180723
1 0.036000 0.337349 0.062000 0.198795
1 0.278000 0.063253 0.054000 0.093373
1 0.222000 0.108434 0.054000 0.111446
0 0.630000 0.198795 0.194000 0.310241
0 0.460000 0.328313 0.142000 0.349398
0 0.900000 0.614458 0.146000 0.777108
0 0.754000 0.632530 0.198000 0.728916
0 0.310000 0.108434 0.128000 0.183735
0 0.206000 0.129518 0.082000 0.150602