1 0.784000 0.616667 0.068000 0.120000
1 0.206000 0.516667 0.046000 0.073333
1 0.430000 0.506667 0.056000 0.096667
1 0.398000 0.363333 0.036000 0.056667
1 0.830000 0.336667 0.050000 0.083333
1 0.952000 0.496667 0.044000 0.073333
1 0.980000 0.366667 0.044000 0.093333
1 0.888000 0.343333 0.032000 0.076667
0 0.184000 0.610000 0.124000 0.230000
0 0.546000 0.446667 0.048000 0.240000
0 0.598000 0.446667 0.064000 0.263333
0 0.818000 0.743333 0.142000 0.350000
0 0.436000 0.580000 0.066000 0.286667
0 0.842000 0.490000 0.094000 0.330000