2 0.400000 0.504762 0.085714 0.280952
2 0.607143 0.504762 0.085714 0.271429
2 0.732143 0.542857 0.103571 0.280952
1 0.214286 0.352381 0.089286 0.147619
1 0.425000 0.376190 0.071429 0.109524
1 0.507143 0.385714 0.075000 0.119048
1 0.739286 0.395238 0.067857 0.109524
0 0.221429 0.638095 0.192857 0.695238
0 0.403571 0.504762 0.110714 0.338095
0 0.510714 0.652381 0.132143 0.657143
2 0.507143 0.547619 0.110714 0.366667
0 0.603571 0.495238 0.085714 0.328571
0 0.735714 0.523810 0.142857 0.309524
2 0.217857 0.533333 0.182143 0.385714