1 0.384000 0.421212 0.060000 0.106061
1 0.506000 0.415152 0.054000 0.112121
1 0.236000 0.469697 0.054000 0.112121
1 0.944000 0.472727 0.048000 0.112121
1 0.318000 0.445455 0.040000 0.087879
0 0.386000 0.666667 0.092000 0.603030
0 0.848000 0.590909 0.100000 0.351515
0 0.144000 0.712121 0.112000 0.560606
0 0.242000 0.666667 0.088000 0.484848
0 0.512000 0.645455 0.084000 0.560606
0 0.948000 0.660606 0.104000 0.490909
0 0.740000 0.593939 0.050000 0.318182
0 0.652000 0.590909 0.086000 0.390909
0 0.318000 0.581818 0.050000 0.357576