1 0.290000 0.305147 0.072500 0.136029
1 0.217500 0.191176 0.107500 0.165441
1 0.742500 0.555147 0.142500 0.238971
1 0.592500 0.588235 0.080000 0.158088
1 0.385000 0.297794 0.057500 0.113971
1 0.477500 0.319853 0.052500 0.102941
1 0.617500 0.301471 0.065000 0.132353
1 0.535000 0.349265 0.052500 0.084559
0 0.177500 0.551471 0.165000 0.889706
0 0.380000 0.522059 0.100000 0.639706
0 0.487500 0.540441 0.112500 0.555147
0 0.305000 0.580882 0.117500 0.680147
0 0.617500 0.389706 0.112500 0.264706
0 0.577500 0.742647 0.162500 0.448529
0 0.830000 0.720588 0.332500 0.562500