1 0.414000 0.317500 0.052000 0.097500
1 0.364000 0.340000 0.050000 0.090000
1 0.226000 0.337500 0.058000 0.087500
1 0.520000 0.322500 0.048000 0.090000
1 0.114000 0.340000 0.050000 0.072500
1 0.030000 0.447500 0.038000 0.062500
1 0.648000 0.335000 0.054000 0.087500
1 0.270000 0.320000 0.052000 0.090000
0 0.416000 0.490000 0.082000 0.387500
0 0.528000 0.492500 0.102000 0.395000
0 0.648000 0.495000 0.098000 0.392500
0 0.276000 0.485000 0.086000 0.405000
0 0.116000 0.465000 0.092000 0.315000
0 0.358000 0.525000 0.098000 0.457500
0 0.214000 0.527500 0.106000 0.467500