1 0.934000 0.909910 0.088000 0.132132
1 0.656000 0.711712 0.060000 0.102102
1 0.980000 0.837838 0.046000 0.126126
1 0.548000 0.669670 0.048000 0.087087
1 0.022000 0.789790 0.034000 0.093093
1 0.128000 0.759760 0.044000 0.090090
1 0.224000 0.765766 0.046000 0.075075
1 0.290000 0.291291 0.036000 0.057057
1 0.424000 0.678679 0.044000 0.066066
1 0.602000 0.819820 0.056000 0.108108
1 0.498000 0.807808 0.054000 0.102102
1 0.442000 0.819820 0.052000 0.099099
1 0.394000 0.537538 0.042000 0.069069
1 0.442000 0.426426 0.032000 0.069069
0 0.292000 0.375375 0.076000 0.216216
0 0.120000 0.864865 0.100000 0.279279
0 0.248000 0.786787 0.152000 0.114114
0 0.268000 0.144144 0.130000 0.228228
0 0.446000 0.447447 0.058000 0.105105
0 0.768000 0.888889 0.152000 0.213213
0 0.028000 0.876877 0.050000 0.246246