1 0.606250 0.253125 0.068750 0.121875
1 0.247917 0.275000 0.062500 0.128125
1 0.802083 0.312500 0.077083 0.128125
1 0.714583 0.293750 0.060417 0.103125
1 0.452083 0.293750 0.056250 0.109375
1 0.304167 0.281250 0.052083 0.106250
1 0.352083 0.312500 0.043750 0.100000
1 0.516667 0.340625 0.035417 0.075000
0 0.793750 0.590625 0.104167 0.687500
0 0.602083 0.559375 0.120833 0.684375
0 0.241667 0.568750 0.133333 0.675000
0 0.706250 0.500000 0.097917 0.528125
0 0.456250 0.518750 0.108333 0.534375
0 0.314583 0.512500 0.089583 0.587500