1 0.634000 0.127796 0.072000 0.137380
1 0.574000 0.230032 0.074000 0.178914
1 0.822000 0.357827 0.126000 0.242812
1 0.410000 0.156550 0.076000 0.178914
1 0.720000 0.099042 0.074000 0.127796
1 0.518000 0.130990 0.064000 0.121406
1 0.710000 0.217252 0.080000 0.185304
1 0.912000 0.153355 0.090000 0.166134
1 0.206000 0.421725 0.142000 0.261981
1 0.278000 0.242812 0.082000 0.169329
1 0.776000 0.201278 0.074000 0.169329
1 0.104000 0.236422 0.096000 0.185304
1 0.572000 0.105431 0.058000 0.124601
1 0.088000 0.402556 0.132000 0.258786
1 0.642000 0.287540 0.098000 0.207668
1 0.348000 0.306709 0.108000 0.214058
1 0.468000 0.277955 0.106000 0.249201
1 0.976000 0.319489 0.054000 0.223642
1 0.352000 0.108626 0.050000 0.121406
1 0.246000 0.143770 0.064000 0.105431
0 0.474000 0.575080 0.264000 0.856230
0 0.090000 0.645367 0.170000 0.686901
0 0.222000 0.642173 0.260000 0.693291
0 0.776000 0.629393 0.256000 0.738019
0 0.336000 0.396166 0.128000 0.396166