1 0.282000 0.355014 0.070000 0.119241
1 0.408000 0.349593 0.058000 0.100271
1 0.826000 0.414634 0.058000 0.092141
1 0.606000 0.401084 0.050000 0.089431
1 0.500000 0.390244 0.054000 0.089431
1 0.110000 0.379404 0.050000 0.078591
1 0.320000 0.387534 0.044000 0.086721
1 0.886000 0.422764 0.048000 0.092141
0 0.608000 0.574526 0.114000 0.430894
0 0.402000 0.574526 0.108000 0.509485
0 0.502000 0.566396 0.108000 0.417344
0 0.822000 0.609756 0.106000 0.474255
0 0.258000 0.607046 0.144000 0.585366
0 0.116000 0.536585 0.114000 0.398374
0 0.892000 0.558266 0.074000 0.336043