1 0.932584 0.526667 0.088015 0.140000
1 0.333333 0.456667 0.074906 0.146667
1 0.535581 0.466667 0.041199 0.100000
1 0.900749 0.430000 0.059925 0.096667
1 0.378277 0.476667 0.037453 0.120000
1 0.569288 0.463333 0.031835 0.090000
1 0.629214 0.450000 0.033708 0.073333
1 0.677903 0.453333 0.046816 0.086667
1 0.790262 0.456667 0.044944 0.093333
0 0.681648 0.626667 0.082397 0.453333
0 0.782772 0.636667 0.086142 0.426667
0 0.541198 0.656667 0.101124 0.466667
0 0.335206 0.686667 0.162921 0.630000
0 0.621723 0.573333 0.058052 0.296667
0 0.928839 0.723333 0.140449 0.553333