1 0.600000 0.379710 0.080000 0.150725
1 0.340000 0.397101 0.068000 0.127536
1 0.514000 0.394203 0.072000 0.136232
1 0.720000 0.388406 0.072000 0.147826
1 0.410000 0.417391 0.062000 0.107246
1 0.874000 0.391304 0.062000 0.101449
1 0.776000 0.382609 0.054000 0.124638
1 0.240000 0.402899 0.056000 0.110145
0 0.616000 0.660870 0.124000 0.686957
0 0.332000 0.669565 0.118000 0.660870
0 0.736000 0.657971 0.130000 0.692754
0 0.226000 0.628986 0.124000 0.573913
0 0.516000 0.637681 0.106000 0.649275
0 0.864000 0.608696 0.096000 0.539130
0 0.430000 0.631884 0.106000 0.550725