1 0.708333 0.217500 0.091667 0.190000
1 0.425000 0.252500 0.103333 0.182500
1 0.588333 0.295000 0.103333 0.195000
1 0.331667 0.305000 0.105000 0.185000
1 0.216667 0.215000 0.111667 0.187500
1 0.850000 0.270000 0.105000 0.192500
2 0.201667 0.422500 0.166667 0.410000
0 0.865000 0.597500 0.151667 0.810000
2 0.710000 0.437500 0.151667 0.440000
2 0.583333 0.477500 0.118333 0.420000
2 0.860000 0.477500 0.145000 0.395000
0 0.723333 0.577500 0.151667 0.852500
0 0.198333 0.560000 0.176667 0.887500
0 0.576667 0.600000 0.128333 0.807500
2 0.341667 0.522500 0.105000 0.452500
2 0.425000 0.480000 0.121667 0.470000
0 0.446667 0.602500 0.125000 0.772500