1 0.131111 0.307692 0.080000 0.160535
1 0.326667 0.250836 0.124444 0.260870
1 0.784444 0.327759 0.102222 0.200669
1 0.940000 0.297659 0.086667 0.200669
1 0.037778 0.327759 0.066667 0.214047
1 0.542222 0.357860 0.104444 0.210702
1 0.640000 0.361204 0.108889 0.204013
1 0.248889 0.274247 0.080000 0.197324
1 0.688889 0.284281 0.053333 0.103679
0 0.791111 0.618729 0.173333 0.762542
0 0.320000 0.558528 0.293333 0.872910
0 0.937778 0.605351 0.128889 0.755853
0 0.533333 0.625418 0.128889 0.735786
0 0.060000 0.615385 0.104444 0.772575
0 0.673333 0.612040 0.153333 0.729097