2 0.942000 0.896792 0.058000 0.119944
2 0.410000 0.274756 0.066000 0.066946
2 0.680000 0.263598 0.080000 0.071130
2 0.588000 0.256625 0.084000 0.094840
1 0.452000 0.246862 0.074000 0.048815
1 0.862000 0.841004 0.062000 0.046025
1 0.952000 0.845188 0.070000 0.046025
1 0.618000 0.213389 0.054000 0.052999
1 0.886000 0.806137 0.062000 0.029289
1 0.714000 0.227336 0.054000 0.034868
0 0.684000 0.273361 0.100000 0.111576
0 0.590000 0.263598 0.096000 0.121339
2 0.854000 0.889819 0.086000 0.135286
0 0.830000 0.906555 0.152000 0.178522
0 0.414000 0.278940 0.110000 0.089261
0 0.940000 0.896792 0.104000 0.170153