1 0.867327 0.490000 0.073267 0.086667
1 0.128713 0.086667 0.061386 0.100000
1 0.326733 0.506667 0.053465 0.093333
1 0.518812 0.490000 0.041584 0.076667
1 0.584158 0.493333 0.037624 0.073333
1 0.653465 0.486667 0.039604 0.076667
1 0.760396 0.486667 0.049505 0.093333
0 0.758416 0.640000 0.083168 0.370000
0 0.297030 0.683333 0.134653 0.456667
0 0.865347 0.700000 0.118812 0.500000
0 0.495050 0.620000 0.097030 0.380000
0 0.657426 0.616667 0.083168 0.340000
0 0.584158 0.613333 0.079208 0.290000
0 0.156436 0.270000 0.136634 0.456667