1 0.092000 0.413333 0.094000 0.141333
1 0.732000 0.397333 0.070000 0.122667
1 0.174000 0.424000 0.068000 0.112000
1 0.414000 0.426667 0.064000 0.106667
1 0.274000 0.405333 0.070000 0.120000
1 0.954000 0.490667 0.096000 0.178667
1 0.538000 0.410667 0.064000 0.104000
0 0.544000 0.642667 0.124000 0.549333
0 0.268000 0.642667 0.134000 0.557333
0 0.414000 0.634667 0.124000 0.512000
0 0.726000 0.656000 0.146000 0.616000
0 0.084000 0.669333 0.110000 0.666667
0 0.920000 0.685333 0.154000 0.557333
0 0.168000 0.669333 0.074000 0.600000