1 0.232000 0.450450 0.086000 0.150150
1 0.712000 0.375375 0.104000 0.162162
1 0.842000 0.378378 0.100000 0.159159
1 0.638000 0.483483 0.066000 0.117117
1 0.510000 0.489489 0.066000 0.117117
1 0.404000 0.501502 0.064000 0.126126
1 0.566000 0.540541 0.060000 0.093093
1 0.972000 0.588589 0.046000 0.072072
0 0.750000 0.648649 0.136000 0.702703
0 0.516000 0.720721 0.110000 0.555556
0 0.394000 0.723724 0.086000 0.558559
0 0.876000 0.642643 0.136000 0.723724
0 0.182000 0.687688 0.180000 0.624625
0 0.652000 0.705706 0.102000 0.552553