1 0.869646 0.216667 0.076350 0.156667
1 0.649907 0.230000 0.057728 0.120000
1 0.402235 0.273333 0.033520 0.073333
1 0.441341 0.276667 0.040968 0.100000
1 0.486034 0.253333 0.035382 0.080000
1 0.540037 0.246667 0.039106 0.093333
1 0.592179 0.226667 0.042831 0.110000
1 0.772812 0.250000 0.042831 0.096667
1 0.817505 0.260000 0.037244 0.080000
0 0.776536 0.440000 0.078212 0.466667
0 0.588454 0.433333 0.076350 0.470000
0 0.875233 0.486667 0.094972 0.660000
0 0.662942 0.486667 0.085661 0.570000
0 0.277467 0.390000 0.070763 0.310000