1 0.248000 0.423423 0.104000 0.162162
1 0.466000 0.384384 0.054000 0.111111
1 0.428000 0.417417 0.036000 0.066066
1 0.590000 0.405405 0.072000 0.105105
1 0.668000 0.420420 0.048000 0.096096
1 0.806000 0.426426 0.086000 0.147147
1 0.734000 0.450450 0.034000 0.069069
1 0.502000 0.396396 0.036000 0.087087
0 0.234000 0.666667 0.168000 0.648649
0 0.490000 0.633634 0.126000 0.576577
0 0.600000 0.645646 0.106000 0.576577
0 0.680000 0.606607 0.100000 0.480480
0 0.414000 0.543544 0.060000 0.348348
0 0.808000 0.684685 0.114000 0.621622
0 0.326000 0.549550 0.036000 0.297297
0 0.736000 0.513514 0.046000 0.198198