1 0.604000 0.290780 0.114000 0.237589
1 0.856000 0.372340 0.072000 0.156028
1 0.158000 0.375887 0.082000 0.180851
1 0.102000 0.368794 0.054000 0.124113
1 0.778000 0.336879 0.056000 0.131206
1 0.402000 0.421986 0.102000 0.287234
1 0.962000 0.319149 0.056000 0.198582
1 0.726000 0.375887 0.046000 0.085106
0 0.582000 0.574468 0.262000 0.758865
0 0.776000 0.549645 0.070000 0.574468
0 0.868000 0.599291 0.104000 0.631206
0 0.078000 0.620567 0.090000 0.705674
0 0.166000 0.641844 0.110000 0.691489
0 0.348000 0.631206 0.164000 0.712766
0 0.956000 0.595745 0.066000 0.748227