1 0.786000 0.407855 0.082000 0.154079
1 0.912000 0.353474 0.134000 0.214502
1 0.592000 0.368580 0.090000 0.154079
1 0.442000 0.362538 0.106000 0.184290
1 0.316000 0.317221 0.118000 0.211480
1 0.134000 0.429003 0.092000 0.169184
1 0.378000 0.438066 0.066000 0.120846
1 0.052000 0.362538 0.096000 0.259819
1 0.642000 0.389728 0.046000 0.141994
0 0.612000 0.646526 0.194000 0.694864
0 0.444000 0.640483 0.152000 0.716012
0 0.792000 0.658610 0.150000 0.679758
0 0.902000 0.625378 0.198000 0.716012
0 0.142000 0.673716 0.138000 0.655589
0 0.288000 0.610272 0.206000 0.767372
0 0.064000 0.619335 0.124000 0.731118