1 0.186000 0.469333 0.066000 0.096000
1 0.316000 0.482667 0.060000 0.098667
1 0.236000 0.458667 0.054000 0.090667
1 0.524000 0.458667 0.048000 0.085333
1 0.412000 0.448000 0.056000 0.093333
1 0.648000 0.466667 0.044000 0.093333
1 0.692000 0.456000 0.050000 0.077333
0 0.406000 0.621333 0.090000 0.426667
0 0.934000 0.632000 0.112000 0.376000
0 0.522000 0.621333 0.094000 0.394667
0 0.656000 0.629333 0.096000 0.394667
0 0.064000 0.592000 0.064000 0.224000
0 0.174000 0.658667 0.094000 0.458667
0 0.306000 0.661333 0.122000 0.445333
0 0.738000 0.584000 0.048000 0.285333
0 0.694000 0.597333 0.056000 0.370667
0 0.242000 0.624000 0.074000 0.392000