1 0.146000 0.418182 0.128000 0.190909
1 0.190000 0.633333 0.146000 0.218182
1 0.340000 0.848485 0.176000 0.278788
1 0.470000 0.584848 0.134000 0.251515
1 0.532000 0.345455 0.082000 0.130303
1 0.660000 0.539394 0.092000 0.163636
1 0.640000 0.296970 0.062000 0.115152
1 0.686000 0.330303 0.064000 0.115152
1 0.712000 0.424242 0.088000 0.127273
1 0.866000 0.512121 0.158000 0.257576
1 0.806000 0.424242 0.088000 0.154545
1 0.858000 0.315152 0.080000 0.136364
0 0.488000 0.730303 0.224000 0.545455
0 0.680000 0.718182 0.190000 0.563636
0 0.182000 0.760606 0.178000 0.478788
0 0.636000 0.360606 0.080000 0.233333
0 0.878000 0.696970 0.222000 0.615152
0 0.188000 0.524242 0.234000 0.448485