1 0.448747 0.683891 0.075171 0.121581
1 0.838269 0.629179 0.059226 0.097264
1 0.273349 0.173252 0.045558 0.072948
1 0.328018 0.720365 0.047836 0.079027
1 0.526196 0.601824 0.045558 0.069909
1 0.781321 0.647416 0.059226 0.088146
1 0.906606 0.674772 0.036446 0.066869
0 0.917995 0.790274 0.079727 0.282675
0 0.439636 0.820669 0.154897 0.364742
0 0.248292 0.252280 0.095672 0.243161
0 0.321185 0.835866 0.086560 0.334347
0 0.851936 0.799392 0.102506 0.401216
0 0.776765 0.799392 0.082005 0.401216
0 0.334852 0.562310 0.068337 0.231003
0 0.514806 0.659574 0.082005 0.170213