1 0.018036 0.422961 0.028056 0.072508
1 0.076152 0.323263 0.080160 0.141994
1 0.128257 0.350453 0.056112 0.117825
1 0.262525 0.344411 0.070140 0.120846
1 0.364729 0.338369 0.056112 0.099698
1 0.420842 0.413897 0.042084 0.084592
1 0.462926 0.407855 0.038076 0.090634
1 0.845691 0.190332 0.078156 0.129909
0 0.254509 0.604230 0.104208 0.595166
0 0.084168 0.622356 0.120240 0.664653
0 0.356713 0.586103 0.092184 0.549849
0 0.867735 0.453172 0.108216 0.658610
0 0.418838 0.583082 0.054108 0.422961
0 0.466934 0.570997 0.056112 0.410876