1 0.046429 0.368984 0.050000 0.117647
1 0.185714 0.459893 0.064286 0.117647
0 0.882143 0.604278 0.092857 0.390374
0 0.771429 0.133690 0.085714 0.256684
0 0.664286 0.475936 0.089286 0.379679
0 0.196429 0.395722 0.096429 0.272727
0 0.967857 0.374332 0.064286 0.390374
0 0.225000 0.181818 0.057143 0.283422
0 0.778571 0.754011 0.139286 0.224599
0 0.178571 0.614973 0.092857 0.427807
0 0.375000 0.251337 0.078571 0.331551
0 0.178571 0.176471 0.057143 0.288770
0 0.842857 0.310160 0.078571 0.203209
0 0.046429 0.524064 0.082143 0.411765
0 0.660714 0.133690 0.067857 0.251337
0 0.710714 0.267380 0.075000 0.352941