1 0.734000 0.509333 0.106000 0.184000
1 0.300000 0.498667 0.064000 0.133333
1 0.396000 0.533333 0.108000 0.218667
1 0.468000 0.533333 0.050000 0.104000
1 0.218000 0.552000 0.052000 0.077333
1 0.114000 0.528000 0.066000 0.088000
1 0.512000 0.517333 0.052000 0.080000
1 0.618000 0.544000 0.068000 0.093333
0 0.740000 0.709333 0.232000 0.570667
0 0.112000 0.682667 0.092000 0.378667
0 0.290000 0.712000 0.118000 0.552000
0 0.206000 0.698667 0.068000 0.370667
0 0.412000 0.725333 0.164000 0.554667
0 0.504000 0.704000 0.110000 0.330667