1 0.597500 0.109023 0.070000 0.154135
1 0.760000 0.146617 0.160000 0.278196
1 0.495000 0.146617 0.095000 0.169173
1 0.930000 0.146617 0.125000 0.255639
1 0.195000 0.180451 0.060000 0.116541
1 0.427500 0.248120 0.127500 0.233083
1 0.257500 0.195489 0.040000 0.090226
1 0.322500 0.195489 0.037500 0.078947
1 0.362500 0.187970 0.042500 0.086466
0 0.217500 0.345865 0.115000 0.390977
0 0.315000 0.338346 0.072500 0.402256
0 0.765000 0.500000 0.280000 0.977444
0 0.440000 0.533835 0.452500 0.800752
0 0.937500 0.312030 0.130000 0.575188