1 0.418000 0.249330 0.082000 0.101877
1 0.850000 0.048257 0.062000 0.075067
1 0.538000 0.077748 0.048000 0.069705
1 0.420000 0.048257 0.054000 0.075067
1 0.242000 0.056300 0.040000 0.067024
1 0.760000 0.093834 0.046000 0.058981
0 0.886000 0.139410 0.114000 0.246649
0 0.500000 0.345845 0.238000 0.359249
0 0.334000 0.083110 0.068000 0.123324
0 0.250000 0.088472 0.068000 0.101877
0 0.412000 0.091153 0.068000 0.147453
0 0.546000 0.107239 0.078000 0.115281
0 0.728000 0.144772 0.088000 0.134048
0 0.132000 0.080429 0.070000 0.120643