1 0.036000 0.260606 0.064000 0.218182
1 0.060000 0.169697 0.098000 0.196970
1 0.146000 0.233333 0.092000 0.142424
1 0.326000 0.242424 0.066000 0.103030
1 0.406000 0.184848 0.056000 0.100000
1 0.586000 0.239394 0.050000 0.090909
1 0.736000 0.154545 0.068000 0.133333
1 0.896000 0.193939 0.086000 0.142424
0 0.398000 0.406061 0.094000 0.527273
0 0.750000 0.466667 0.104000 0.745455
0 0.146000 0.521212 0.102000 0.736364
0 0.318000 0.460606 0.094000 0.539394
0 0.892000 0.469697 0.104000 0.660606
0 0.536000 0.396970 0.136000 0.412121
0 0.052000 0.584848 0.100000 0.833333