1 0.852000 0.336000 0.082000 0.133333
1 0.718000 0.290667 0.102000 0.157333
1 0.274000 0.333333 0.106000 0.184000
1 0.946000 0.349333 0.106000 0.173333
1 0.466000 0.304000 0.092000 0.165333
1 0.564000 0.352000 0.090000 0.144000
1 0.134000 0.320000 0.104000 0.205333
1 0.332000 0.376000 0.056000 0.109333
1 0.056000 0.253333 0.102000 0.264000
0 0.558000 0.661333 0.152000 0.682667
0 0.918000 0.613333 0.160000 0.528000
0 0.730000 0.634667 0.190000 0.704000
0 0.142000 0.653333 0.154000 0.680000
0 0.274000 0.624000 0.132000 0.746667
0 0.432000 0.616000 0.146000 0.770667
0 0.064000 0.557333 0.122000 0.853333