1 0.212000 0.331412 0.076000 0.115274
1 0.314000 0.371758 0.058000 0.097983
1 0.392000 0.420749 0.052000 0.077810
1 0.476000 0.377522 0.048000 0.089337
1 0.594000 0.446686 0.044000 0.080692
1 0.646000 0.461095 0.036000 0.074928
1 0.696000 0.452450 0.036000 0.069164
1 0.748000 0.440922 0.044000 0.074928
0 0.166000 0.602305 0.164000 0.662824
0 0.476000 0.608069 0.106000 0.544669
0 0.762000 0.619597 0.104000 0.438040
0 0.296000 0.590778 0.118000 0.547550
0 0.592000 0.619597 0.102000 0.429395
0 0.388000 0.610951 0.086000 0.492795
0 0.656000 0.619597 0.056000 0.386167