1 0.220000 0.422961 0.072000 0.141994
1 0.362000 0.416918 0.082000 0.160121
1 0.774000 0.389728 0.096000 0.160121
1 0.564000 0.413897 0.080000 0.135952
1 0.436000 0.444109 0.058000 0.102719
1 0.664000 0.477341 0.038000 0.093656
1 0.716000 0.465257 0.034000 0.075529
1 0.874000 0.483384 0.034000 0.066465
0 0.374000 0.673716 0.146000 0.637462
0 0.162000 0.679758 0.264000 0.637462
0 0.558000 0.670695 0.202000 0.640483
0 0.786000 0.667674 0.192000 0.673716
0 0.668000 0.628399 0.062000 0.429003
0 0.444000 0.667674 0.068000 0.528701