1 0.662000 0.363333 0.060000 0.143333
1 0.532000 0.350000 0.062000 0.123333
1 0.082000 0.326667 0.068000 0.136667
1 0.390000 0.330000 0.060000 0.120000
1 0.214000 0.373333 0.060000 0.123333
1 0.308000 0.323333 0.052000 0.110000
1 0.142000 0.366667 0.052000 0.096667
1 0.020000 0.373333 0.032000 0.096667
1 0.274000 0.366667 0.040000 0.086667
0 0.672000 0.643333 0.134000 0.640000
0 0.210000 0.646667 0.114000 0.613333
0 0.534000 0.626667 0.106000 0.683333
0 0.382000 0.603333 0.120000 0.630000
0 0.824000 0.600000 0.106000 0.490000
0 0.072000 0.640000 0.134000 0.686667
0 0.908000 0.566667 0.088000 0.430000
0 0.458000 0.563333 0.074000 0.500000
0 0.140000 0.560000 0.064000 0.500000
0 0.292000 0.593333 0.092000 0.583333
0 0.756000 0.553333 0.056000 0.376667