1 0.492000 0.285285 0.070000 0.144144
1 0.622000 0.288288 0.068000 0.135135
1 0.914000 0.303303 0.080000 0.141141
1 0.298000 0.294294 0.070000 0.135135
1 0.764000 0.336336 0.062000 0.108108
1 0.442000 0.330330 0.052000 0.099099
1 0.110000 0.348348 0.040000 0.105105
1 0.846000 0.351351 0.052000 0.084084
1 0.550000 0.357357 0.052000 0.102102
1 0.220000 0.354354 0.052000 0.102102
1 0.150000 0.378378 0.042000 0.081081
0 0.762000 0.564565 0.112000 0.591592
0 0.304000 0.570571 0.130000 0.690691
0 0.620000 0.600601 0.134000 0.747748
0 0.102000 0.561562 0.092000 0.501502
0 0.906000 0.609610 0.174000 0.747748
0 0.466000 0.621622 0.144000 0.744745
0 0.216000 0.552553 0.076000 0.528529