1 0.712000 0.357333 0.078000 0.122667
1 0.278000 0.360000 0.078000 0.128000
1 0.392000 0.349333 0.096000 0.152000
1 0.110000 0.242667 0.112000 0.208000
1 0.622000 0.365333 0.072000 0.117333
1 0.488000 0.357333 0.052000 0.101333
1 0.944000 0.376000 0.062000 0.106667
1 0.878000 0.392000 0.074000 0.101333
1 0.770000 0.386667 0.050000 0.085333
0 0.478000 0.597333 0.084000 0.568000
0 0.622000 0.589333 0.122000 0.581333
0 0.382000 0.653333 0.122000 0.696000
0 0.266000 0.608000 0.114000 0.632000
0 0.706000 0.642667 0.096000 0.688000
0 0.104000 0.578667 0.198000 0.840000
0 0.880000 0.608000 0.164000 0.570667