1 0.478000 0.390390 0.060000 0.111111
1 0.342000 0.387387 0.058000 0.114114
1 0.232000 0.381381 0.060000 0.111111
1 0.896000 0.402402 0.052000 0.102102
1 0.692000 0.399399 0.050000 0.090090
1 0.112000 0.363363 0.058000 0.105105
1 0.626000 0.381381 0.048000 0.108108
1 0.770000 0.387387 0.046000 0.081081
0 0.896000 0.594595 0.114000 0.441441
0 0.766000 0.549550 0.080000 0.375375
0 0.608000 0.624625 0.104000 0.561562
0 0.338000 0.615616 0.134000 0.534535
0 0.696000 0.609610 0.108000 0.513514
0 0.108000 0.603604 0.118000 0.570571
0 0.466000 0.627628 0.120000 0.561562
0 0.210000 0.639640 0.090000 0.630631
0 0.536000 0.546547 0.068000 0.360360