1 0.180000 0.344173 0.052000 0.065041
1 0.254000 0.330623 0.052000 0.067751
1 0.376000 0.360434 0.044000 0.078591
1 0.454000 0.308943 0.044000 0.070461
1 0.570000 0.295393 0.046000 0.073171
1 0.720000 0.262873 0.050000 0.078591
0 0.570000 0.455285 0.110000 0.376694
0 0.736000 0.444444 0.110000 0.436314
2 0.724000 0.360434 0.086000 0.203252
0 0.366000 0.490515 0.082000 0.317073
0 0.252000 0.466125 0.080000 0.341463
0 0.184000 0.474255 0.070000 0.322493
2 0.566000 0.379404 0.082000 0.168022
2 0.446000 0.392954 0.076000 0.168022
0 0.450000 0.463415 0.096000 0.363144
2 0.366000 0.439024 0.062000 0.159892
2 0.246000 0.403794 0.064000 0.146341
2 0.176000 0.422764 0.074000 0.159892