1 0.324000 0.442359 0.038000 0.075067
1 0.226000 0.447721 0.056000 0.088472
1 0.594000 0.428954 0.038000 0.067024
1 0.718000 0.447721 0.046000 0.072386
1 0.792000 0.442359 0.042000 0.067024
0 0.654000 0.605898 0.076000 0.340483
0 0.766000 0.667560 0.088000 0.380697
0 0.340000 0.568365 0.070000 0.335121
0 0.204000 0.571046 0.086000 0.329759
0 0.414000 0.624665 0.102000 0.428954
0 0.272000 0.710456 0.086000 0.549598
0 0.714000 0.571046 0.058000 0.319035
0 0.552000 0.630027 0.078000 0.375335
0 0.596000 0.541555 0.044000 0.294906