1 0.444000 0.310241 0.122000 0.216867
1 0.604000 0.352410 0.086000 0.153614
1 0.810000 0.271084 0.088000 0.174699
1 0.088000 0.382530 0.102000 0.180723
1 0.210000 0.376506 0.094000 0.177711
1 0.742000 0.256024 0.118000 0.213855
1 0.534000 0.376506 0.068000 0.117470
1 0.382000 0.337349 0.090000 0.177711
1 0.930000 0.102410 0.144000 0.189759
0 0.084000 0.650602 0.162000 0.704819
0 0.206000 0.650602 0.166000 0.707831
0 0.760000 0.578313 0.234000 0.810241
0 0.620000 0.626506 0.128000 0.746988
0 0.932000 0.496988 0.140000 0.951807
0 0.440000 0.608434 0.214000 0.792169