1 0.198000 0.408408 0.052000 0.093093
1 0.770000 0.408408 0.046000 0.081081
1 0.136000 0.378378 0.054000 0.096096
1 0.300000 0.393393 0.042000 0.087087
1 0.382000 0.405405 0.044000 0.087087
1 0.420000 0.420420 0.034000 0.069069
1 0.514000 0.399399 0.038000 0.078078
1 0.580000 0.396396 0.042000 0.087087
1 0.614000 0.417417 0.038000 0.078078
1 0.676000 0.411411 0.044000 0.084084
1 0.722000 0.408408 0.044000 0.081081
0 0.298000 0.567568 0.086000 0.435435
0 0.376000 0.561562 0.072000 0.375375
0 0.128000 0.588589 0.106000 0.495495
0 0.726000 0.564565 0.056000 0.387387
0 0.202000 0.582583 0.088000 0.435435
0 0.504000 0.564565 0.074000 0.414414
0 0.784000 0.588589 0.074000 0.441441
0 0.590000 0.567568 0.080000 0.405405
0 0.678000 0.582583 0.066000 0.405405