1 0.286000 0.512000 0.054000 0.106667
1 0.812000 0.514667 0.064000 0.090667
1 0.524000 0.482667 0.048000 0.101333
1 0.388000 0.506667 0.052000 0.090667
1 0.650000 0.477333 0.056000 0.093333
1 0.586000 0.496000 0.052000 0.098667
1 0.722000 0.330667 0.062000 0.101333
1 0.620000 0.309333 0.056000 0.098667
1 0.476000 0.501333 0.050000 0.098667
1 0.528000 0.154667 0.052000 0.101333
1 0.750000 0.522667 0.058000 0.096000
1 0.160000 0.498667 0.062000 0.088000
1 0.216000 0.469333 0.052000 0.077333
1 0.250000 0.408000 0.042000 0.085333
1 0.362000 0.346667 0.046000 0.104000
1 0.466000 0.328000 0.040000 0.088000
0 0.842000 0.730667 0.142000 0.504000
0 0.612000 0.362667 0.102000 0.213333
0 0.278000 0.624000 0.110000 0.362667
0 0.526000 0.285333 0.124000 0.352000
0 0.674000 0.701333 0.128000 0.533333
0 0.344000 0.400000 0.096000 0.224000
0 0.522000 0.685333 0.116000 0.506667
0 0.758000 0.714667 0.084000 0.488000
0 0.450000 0.386667 0.110000 0.218667
0 0.718000 0.392000 0.110000 0.208000
0 0.458000 0.685333 0.076000 0.461333
0 0.374000 0.688000 0.110000 0.472000
0 0.152000 0.629333 0.116000 0.394667