0 0.868000 0.721557 0.192000 0.553892
1 0.636000 0.508982 0.076000 0.140719
1 0.888000 0.526946 0.136000 0.197605
1 0.552000 0.532934 0.096000 0.152695
1 0.120000 0.494012 0.050000 0.098802
1 0.198000 0.497006 0.056000 0.080838
0 0.108000 0.643713 0.096000 0.392216
2 0.214000 0.595808 0.074000 0.200599
2 0.640000 0.667665 0.114000 0.338323
0 0.212000 0.667665 0.076000 0.416168
2 0.110000 0.565868 0.082000 0.188623
0 0.644000 0.706587 0.130000 0.586826
2 0.890000 0.751497 0.174000 0.473054
0 0.548000 0.736527 0.134000 0.529940