1 0.048000 0.493333 0.086000 0.136000
1 0.314000 0.506667 0.072000 0.109333
1 0.536000 0.493333 0.054000 0.066667
1 0.656000 0.501333 0.040000 0.066667
1 0.812000 0.482667 0.042000 0.064000
0 0.530000 0.674667 0.108000 0.458667
0 0.646000 0.661333 0.100000 0.365333
0 0.298000 0.720000 0.138000 0.549333
0 0.406000 0.594667 0.070000 0.282667
0 0.714000 0.616000 0.070000 0.330667
0 0.184000 0.618667 0.080000 0.301333
2 0.294000 0.637333 0.104000 0.266667
0 0.810000 0.637333 0.094000 0.378667
0 0.056000 0.712000 0.106000 0.584000
2 0.642000 0.592000 0.082000 0.184000
2 0.806000 0.568000 0.078000 0.173333
2 0.048000 0.637333 0.092000 0.320000
2 0.532000 0.578667 0.090000 0.218667
2 0.706000 0.573333 0.060000 0.136000