1 0.742000 0.357333 0.088000 0.138667
1 0.078000 0.432000 0.086000 0.130667
1 0.264000 0.394667 0.076000 0.125333
1 0.604000 0.381333 0.064000 0.109333
1 0.912000 0.426667 0.066000 0.120000
1 0.470000 0.421333 0.036000 0.069333
1 0.546000 0.416000 0.044000 0.077333
1 0.660000 0.392000 0.040000 0.077333
1 0.858000 0.418667 0.054000 0.120000
0 0.272000 0.669333 0.152000 0.658667
0 0.740000 0.650667 0.152000 0.701333
0 0.600000 0.634667 0.138000 0.616000
0 0.918000 0.674667 0.150000 0.608000
0 0.480000 0.546667 0.076000 0.301333
0 0.100000 0.682667 0.186000 0.624000