1 0.306000 0.338667 0.090000 0.154667
1 0.664000 0.306667 0.068000 0.128000
1 0.574000 0.306667 0.088000 0.157333
1 0.930000 0.328000 0.136000 0.261333
1 0.196000 0.261333 0.108000 0.186667
1 0.424000 0.352000 0.072000 0.136000
1 0.796000 0.298667 0.086000 0.176000
1 0.848000 0.320000 0.070000 0.189333
0 0.434000 0.602667 0.148000 0.648000
0 0.568000 0.624000 0.172000 0.760000
0 0.154000 0.584000 0.254000 0.821333
0 0.678000 0.576000 0.110000 0.685333
0 0.314000 0.624000 0.134000 0.746667
0 0.784000 0.605333 0.122000 0.720000