1 0.146000 0.495495 0.048000 0.090090
1 0.172000 0.189189 0.032000 0.066066
1 0.244000 0.330330 0.046000 0.072072
1 0.336000 0.216216 0.038000 0.069069
1 0.520000 0.330330 0.042000 0.066066
1 0.976000 0.684685 0.052000 0.087087
1 0.936000 0.444444 0.044000 0.084084
1 0.642000 0.333333 0.040000 0.066066
1 0.674000 0.213213 0.040000 0.069069
0 0.910000 0.558559 0.124000 0.288288
0 0.246000 0.438438 0.086000 0.282282
0 0.650000 0.444444 0.078000 0.300300
0 0.174000 0.312312 0.090000 0.273273
0 0.318000 0.327327 0.090000 0.285285
0 0.140000 0.624625 0.098000 0.336336
0 0.474000 0.159159 0.068000 0.243243
0 0.528000 0.429429 0.066000 0.279279
0 0.966000 0.822823 0.070000 0.348348
0 0.682000 0.327327 0.058000 0.276276