1 0.682000 0.336000 0.060000 0.104000
1 0.554000 0.349333 0.064000 0.117333
1 0.744000 0.322667 0.052000 0.109333
1 0.354000 0.344000 0.058000 0.106667
1 0.446000 0.354667 0.046000 0.090667
1 0.632000 0.346667 0.042000 0.088000
1 0.306000 0.370667 0.046000 0.090667
1 0.256000 0.368000 0.040000 0.082667
1 0.408000 0.362667 0.030000 0.066667
1 0.494000 0.357333 0.036000 0.077333
1 0.600000 0.370667 0.038000 0.077333
0 0.250000 0.496000 0.098000 0.346667
0 0.344000 0.573333 0.132000 0.544000
0 0.680000 0.557333 0.128000 0.576000
0 0.448000 0.520000 0.098000 0.424000
0 0.766000 0.525333 0.110000 0.490667
0 0.534000 0.573333 0.140000 0.549333