1 0.147940 0.356667 0.117978 0.256667
1 0.747191 0.380000 0.071161 0.160000
1 0.477528 0.406667 0.095506 0.166667
1 0.627341 0.393333 0.078652 0.183333
1 0.284644 0.383333 0.054307 0.176667
1 0.355805 0.373333 0.073034 0.180000
1 0.921348 0.433333 0.099251 0.203333
0 0.494382 0.653333 0.191011 0.686667
0 0.906367 0.670000 0.187266 0.646667
0 0.629214 0.660000 0.155431 0.673333
0 0.361423 0.646667 0.153558 0.703333
0 0.752809 0.656667 0.134831 0.680000
0 0.264045 0.646667 0.112360 0.706667
0 0.153558 0.610000 0.224719 0.790000