1 0.860000 0.276163 0.070000 0.136628
1 0.188000 0.250000 0.072000 0.133721
1 0.652000 0.308140 0.052000 0.098837
1 0.918000 0.328488 0.050000 0.101744
1 0.348000 0.264535 0.054000 0.119186
1 0.452000 0.273256 0.054000 0.116279
1 0.534000 0.299419 0.050000 0.081395
1 0.588000 0.325581 0.034000 0.069767
1 0.712000 0.343023 0.038000 0.075581
0 0.194000 0.497093 0.160000 0.619186
0 0.448000 0.508721 0.106000 0.595930
0 0.648000 0.508721 0.112000 0.482558
0 0.532000 0.456395 0.080000 0.404070
0 0.344000 0.470930 0.114000 0.514535
0 0.832000 0.520349 0.118000 0.581395