1 0.478000 0.258258 0.074000 0.144144
1 0.658000 0.270270 0.084000 0.138138
1 0.148000 0.240240 0.082000 0.156156
1 0.874000 0.216216 0.124000 0.195195
1 0.582000 0.282282 0.064000 0.108108
1 0.234000 0.249249 0.084000 0.198198
1 0.292000 0.246246 0.062000 0.132132
0 0.476000 0.519520 0.130000 0.651652
0 0.642000 0.564565 0.148000 0.717718
0 0.866000 0.567568 0.194000 0.870871
0 0.238000 0.579580 0.166000 0.834835
0 0.568000 0.489489 0.070000 0.531532
0 0.144000 0.564565 0.104000 0.732733
0 0.304000 0.510511 0.106000 0.591592