1 0.260000 0.429429 0.088000 0.141141
1 0.712000 0.432432 0.074000 0.144144
1 0.116000 0.381381 0.070000 0.132132
1 0.052000 0.438438 0.096000 0.165165
1 0.912000 0.474474 0.180000 0.351351
1 0.370000 0.411411 0.056000 0.114114
1 0.624000 0.360360 0.094000 0.192192
1 0.540000 0.402402 0.064000 0.126126
0 0.262000 0.675676 0.200000 0.651652
0 0.380000 0.639640 0.116000 0.564565
0 0.592000 0.636637 0.198000 0.708709
0 0.706000 0.690691 0.104000 0.621622
0 0.068000 0.672673 0.132000 0.663664
0 0.128000 0.657658 0.136000 0.648649