1 0.315000 0.143333 0.090000 0.140000
1 0.910000 0.243333 0.067500 0.100000
1 0.032500 0.146667 0.055000 0.153333
1 0.540000 0.223333 0.057500 0.093333
1 0.605000 0.213333 0.070000 0.100000
1 0.720000 0.133333 0.040000 0.076667
1 0.830000 0.170000 0.055000 0.076667
1 0.800000 0.136667 0.040000 0.070000
0 0.072500 0.430000 0.137500 0.690000
0 0.320000 0.436667 0.212500 0.703333
0 0.635000 0.363333 0.120000 0.443333
0 0.852500 0.406667 0.157500 0.416667
0 0.717500 0.276667 0.067500 0.360000
0 0.570000 0.360000 0.095000 0.363333