1 0.246628 0.426667 0.069364 0.136667
1 0.716763 0.393333 0.063584 0.143333
1 0.583815 0.446667 0.061657 0.153333
1 0.084778 0.363333 0.105973 0.193333
1 0.154143 0.296667 0.140655 0.250000
1 0.855491 0.400000 0.100193 0.183333
1 0.456647 0.403333 0.063584 0.140000
1 0.298651 0.423333 0.053950 0.113333
0 0.720617 0.656667 0.138728 0.696667
0 0.863198 0.656667 0.177264 0.660000
0 0.437380 0.663333 0.127168 0.666667
0 0.610790 0.686667 0.125241 0.623333
0 0.300578 0.683333 0.075145 0.630000
0 0.163776 0.583333 0.194605 0.830000
0 0.250482 0.676667 0.088632 0.640000