2 0.858000 0.473310 0.192000 0.565836
2 0.552000 0.697509 0.200000 0.163701
1 0.762000 0.163701 0.070000 0.131673
1 0.340000 0.103203 0.094000 0.167260
1 0.854000 0.156584 0.130000 0.249110
1 0.186000 0.138790 0.084000 0.156584
1 0.450000 0.676157 0.064000 0.103203
1 0.222000 0.120996 0.060000 0.153025
1 0.090000 0.135231 0.044000 0.103203
1 0.490000 0.348754 0.062000 0.096085
1 0.420000 0.345196 0.046000 0.096085
2 0.324000 0.327402 0.150000 0.448399
0 0.336000 0.508897 0.172000 0.964413
0 0.158000 0.494662 0.146000 0.864769
2 0.546000 0.736655 0.250000 0.256228
2 0.550000 0.419929 0.114000 0.195730
0 0.836000 0.519573 0.254000 0.967972
0 0.542000 0.451957 0.134000 0.316726