1 0.075556 0.376744 0.051111 0.120930
1 0.202222 0.367442 0.046667 0.125581
1 0.348889 0.381395 0.051111 0.130233
1 0.304444 0.451163 0.037778 0.102326
1 0.406667 0.460465 0.035556 0.111628
1 0.457778 0.400000 0.053333 0.111628
1 0.580000 0.451163 0.046667 0.111628
1 0.660000 0.441860 0.042222 0.120930
1 0.706667 0.413953 0.044444 0.130233
1 0.802222 0.451163 0.042222 0.102326
1 0.937778 0.451163 0.053333 0.134884
0 0.804444 0.632558 0.068889 0.479070
0 0.200000 0.632558 0.097778 0.646512
0 0.071111 0.627907 0.117778 0.651163
0 0.926667 0.651163 0.084444 0.506977
0 0.713333 0.627907 0.071111 0.520930
0 0.466667 0.646512 0.071111 0.553488
0 0.402222 0.637209 0.053333 0.530233
0 0.582222 0.646512 0.068889 0.553488
0 0.344444 0.660465 0.100000 0.576744
0 0.653333 0.641860 0.071111 0.567442