1 0.900000 0.413333 0.062000 0.101333
1 0.410000 0.584000 0.062000 0.096000
1 0.276000 0.653333 0.064000 0.096000
1 0.704000 0.616000 0.052000 0.090667
1 0.044000 0.408000 0.040000 0.064000
1 0.322000 0.381333 0.036000 0.058667
1 0.636000 0.589333 0.058000 0.090667
1 0.948000 0.410667 0.058000 0.082667
0 0.470000 0.474667 0.060000 0.176000
0 0.320000 0.472000 0.052000 0.232000
0 0.266000 0.490667 0.056000 0.216000
0 0.408000 0.682667 0.118000 0.277333
0 0.876000 0.674667 0.158000 0.533333
0 0.030000 0.533333 0.056000 0.258667