1 0.170000 0.390390 0.066000 0.111111
1 0.394000 0.435435 0.038000 0.084084
1 0.226000 0.426426 0.048000 0.090090
1 0.258000 0.429429 0.036000 0.087087
1 0.304000 0.429429 0.042000 0.093093
1 0.424000 0.432432 0.030000 0.078078
0 0.864000 0.570571 0.102000 0.414414
0 0.572000 0.591592 0.090000 0.417417
0 0.772000 0.555556 0.080000 0.375375
0 0.402000 0.591592 0.076000 0.387387
0 0.282000 0.609610 0.072000 0.447447
0 0.450000 0.564565 0.056000 0.351351
0 0.158000 0.642643 0.094000 0.579580
0 0.336000 0.591592 0.050000 0.381381
0 0.214000 0.627628 0.066000 0.501502
0 0.662000 0.603604 0.074000 0.399399
0 0.692000 0.561562 0.060000 0.387387