1 0.408889 0.387879 0.155556 0.242424
1 0.184444 0.403030 0.193333 0.293939
1 0.493333 0.181818 0.091111 0.157576
1 0.755556 0.487879 0.106667 0.160606
1 0.775556 0.224242 0.080000 0.145455
1 0.333333 0.248485 0.073333 0.118182
1 0.886667 0.248485 0.068889 0.109091
1 0.557778 0.293939 0.055556 0.096970
0 0.913333 0.463636 0.133333 0.584848
0 0.748889 0.660606 0.215556 0.493939
0 0.213333 0.633333 0.400000 0.733333
0 0.540000 0.481818 0.097778 0.448485
0 0.413333 0.639394 0.257778 0.703030
0 0.793333 0.290909 0.135556 0.278788