1 0.152000 0.310976 0.174000 0.332317
1 0.818000 0.341463 0.182000 0.338415
1 0.482000 0.283537 0.062000 0.131098
1 0.616000 0.265244 0.080000 0.170732
1 0.682000 0.250000 0.120000 0.201220
1 0.542000 0.265244 0.054000 0.115854
1 0.390000 0.289634 0.052000 0.103659
1 0.426000 0.268293 0.046000 0.100610
1 0.312000 0.240854 0.050000 0.094512
0 0.482000 0.381098 0.134000 0.320122
0 0.594000 0.396341 0.120000 0.454268
0 0.684000 0.484756 0.144000 0.658537
0 0.862000 0.570122 0.280000 0.868902
0 0.128000 0.582317 0.226000 0.841463