1 0.068000 0.437346 0.116000 0.142506
1 0.154000 0.400491 0.066000 0.085995
1 0.278000 0.417690 0.066000 0.100737
1 0.370000 0.425061 0.052000 0.071253
1 0.534000 0.417690 0.036000 0.063882
0 0.530000 0.552826 0.084000 0.329238
0 0.684000 0.515971 0.070000 0.255528
0 0.278000 0.624079 0.116000 0.506142
0 0.172000 0.592138 0.128000 0.449631
0 0.752000 0.611794 0.104000 0.454545
0 0.372000 0.599509 0.094000 0.417690
0 0.438000 0.570025 0.086000 0.348894
0 0.970000 0.486486 0.060000 0.208845
0 0.876000 0.474201 0.042000 0.157248
0 0.116000 0.685504 0.224000 0.636364
0 0.924000 0.469287 0.046000 0.171990