1 0.168000 0.392216 0.042000 0.092814
1 0.268000 0.383234 0.036000 0.083832
1 0.340000 0.389222 0.042000 0.089820
1 0.432000 0.389222 0.040000 0.095808
1 0.504000 0.407186 0.042000 0.080838
1 0.582000 0.419162 0.040000 0.095808
1 0.666000 0.413174 0.040000 0.089820
1 0.760000 0.413174 0.046000 0.083832
1 0.852000 0.425150 0.038000 0.083832
0 0.262000 0.479042 0.080000 0.275449
0 0.162000 0.476048 0.088000 0.233533
0 0.426000 0.532934 0.094000 0.374251
0 0.656000 0.497006 0.092000 0.281437
0 0.756000 0.500000 0.100000 0.263473
0 0.578000 0.517964 0.072000 0.308383
0 0.502000 0.535928 0.080000 0.362275
0 0.340000 0.511976 0.068000 0.347305
0 0.856000 0.505988 0.090000 0.272455