1 0.138000 0.288288 0.074000 0.105105
1 0.384000 0.369369 0.050000 0.087087
1 0.338000 0.375375 0.040000 0.075075
1 0.634000 0.372372 0.046000 0.084084
1 0.584000 0.363363 0.044000 0.081081
1 0.698000 0.372372 0.042000 0.078078
1 0.752000 0.366366 0.044000 0.087087
1 0.832000 0.375375 0.040000 0.087087
1 0.870000 0.345345 0.050000 0.090090
1 0.240000 0.378378 0.048000 0.081081
1 0.044000 0.387387 0.048000 0.102102
1 0.164000 0.378378 0.036000 0.096096
0 0.236000 0.522523 0.080000 0.369369
0 0.628000 0.513514 0.066000 0.357357
0 0.338000 0.510511 0.078000 0.366366
0 0.880000 0.501502 0.076000 0.387387
0 0.566000 0.507508 0.074000 0.360360
0 0.746000 0.507508 0.074000 0.345345
0 0.390000 0.513514 0.062000 0.366366
0 0.690000 0.495495 0.058000 0.324324
0 0.118000 0.564565 0.104000 0.594595
0 0.818000 0.504505 0.050000 0.303303
0 0.040000 0.582583 0.070000 0.399399