1 0.930000 0.275449 0.088000 0.158683
1 0.356000 0.257485 0.070000 0.149701
1 0.148000 0.236527 0.092000 0.164671
1 0.510000 0.248503 0.104000 0.194611
1 0.716000 0.233533 0.106000 0.194611
1 0.862000 0.275449 0.062000 0.113772
1 0.290000 0.224551 0.106000 0.194611
1 0.610000 0.293413 0.052000 0.110778
0 0.504000 0.580838 0.164000 0.844311
0 0.942000 0.592814 0.120000 0.799401
0 0.116000 0.577844 0.166000 0.850299
0 0.746000 0.568862 0.196000 0.862275
0 0.274000 0.568862 0.170000 0.865269
0 0.616000 0.508982 0.068000 0.529940