2 0.738000 0.696429 0.114000 0.204082
1 0.564000 0.285714 0.068000 0.102041
1 0.270000 0.387755 0.066000 0.096939
1 0.414000 0.420918 0.056000 0.096939
1 0.668000 0.339286 0.060000 0.099490
1 0.762000 0.579082 0.080000 0.086735
1 0.348000 0.173469 0.058000 0.086735
0 0.670000 0.469388 0.122000 0.331633
0 0.404000 0.543367 0.100000 0.321429
0 0.336000 0.354592 0.112000 0.471939
0 0.194000 0.522959 0.202000 0.346939
2 0.540000 0.405612 0.104000 0.239796
0 0.546000 0.484694 0.116000 0.477041
0 0.774000 0.681122 0.200000 0.270408
2 0.178000 0.464286 0.142000 0.163265