0 0.730000 0.660241 0.124000 0.481928
1 0.726000 0.472289 0.078000 0.086747
1 0.334000 0.267470 0.060000 0.067470
1 0.430000 0.253012 0.054000 0.079518
1 0.336000 0.103614 0.046000 0.069880
1 0.632000 0.103614 0.052000 0.072289
1 0.812000 0.489157 0.062000 0.084337
0 0.048000 0.212048 0.082000 0.228916
0 0.504000 0.530120 0.120000 0.424096
0 0.320000 0.440964 0.176000 0.424096
0 0.564000 0.200000 0.074000 0.269880
0 0.728000 0.250602 0.094000 0.212048
0 0.166000 0.293976 0.082000 0.171084
0 0.838000 0.689157 0.140000 0.479518
0 0.838000 0.332530 0.100000 0.221687
0 0.630000 0.204819 0.074000 0.279518
0 0.628000 0.638554 0.122000 0.450602