1 0.461197 0.280000 0.066519 0.130000
1 0.212860 0.253333 0.070953 0.153333
1 0.396896 0.306667 0.059867 0.106667
1 0.727273 0.196667 0.066519 0.130000
1 0.611973 0.256667 0.055432 0.113333
2 0.201774 0.403333 0.141907 0.276667
0 0.203991 0.550000 0.164080 0.656667
2 0.463415 0.420000 0.113082 0.246667
0 0.474501 0.546667 0.128603 0.600000
2 0.618625 0.380000 0.101996 0.233333
2 0.727273 0.346667 0.101996 0.260000
0 0.736142 0.453333 0.124169 0.580000
0 0.616408 0.480000 0.115299 0.513333
0 0.381375 0.546667 0.090909 0.536667
2 0.388027 0.436667 0.070953 0.266667