1 0.256000 0.423423 0.070000 0.123123
1 0.106000 0.384384 0.088000 0.165165
1 0.354000 0.405405 0.062000 0.120120
1 0.866000 0.411411 0.056000 0.105105
1 0.820000 0.441441 0.054000 0.117117
1 0.434000 0.417417 0.054000 0.105105
1 0.492000 0.447447 0.042000 0.081081
1 0.542000 0.438438 0.042000 0.081081
1 0.580000 0.453453 0.034000 0.081081
0 0.420000 0.633634 0.070000 0.453453
0 0.232000 0.672673 0.120000 0.606607
0 0.080000 0.657658 0.152000 0.681682
0 0.484000 0.600601 0.060000 0.408408
0 0.340000 0.630631 0.096000 0.528529
0 0.872000 0.669670 0.068000 0.573574
0 0.538000 0.591592 0.062000 0.396396
0 0.582000 0.582583 0.040000 0.351351
0 0.812000 0.648649 0.068000 0.534535