1 0.692000 0.525333 0.056000 0.106667
1 0.344000 0.488000 0.036000 0.064000
1 0.394000 0.488000 0.036000 0.066667
1 0.530000 0.480000 0.040000 0.072000
1 0.770000 0.493333 0.044000 0.082667
1 0.738000 0.469333 0.042000 0.080000
1 0.948000 0.490667 0.050000 0.090667
0 0.530000 0.608000 0.052000 0.325333
0 0.782000 0.645333 0.072000 0.392000
0 0.938000 0.648000 0.094000 0.386667
0 0.402000 0.594667 0.076000 0.288000
0 0.338000 0.605333 0.070000 0.296000
0 0.694000 0.698667 0.100000 0.434667
0 0.638000 0.621333 0.052000 0.349333
0 0.576000 0.605333 0.034000 0.341333