1 0.226000 0.701333 0.076000 0.106667
1 0.226000 0.562667 0.062000 0.090667
1 0.296000 0.349333 0.034000 0.074667
1 0.352000 0.653333 0.052000 0.074667
1 0.486000 0.541333 0.044000 0.066667
1 0.562000 0.557333 0.054000 0.061333
1 0.930000 0.232000 0.042000 0.093333
1 0.902000 0.264000 0.036000 0.069333
1 0.882000 0.248000 0.038000 0.072000
0 0.470000 0.682667 0.138000 0.360000
0 0.582000 0.682667 0.106000 0.333333
0 0.286000 0.405333 0.080000 0.181333
0 0.204000 0.776000 0.164000 0.250667
0 0.938000 0.413333 0.084000 0.389333