1 0.544000 0.459701 0.062000 0.107463
1 0.372000 0.453731 0.062000 0.107463
1 0.630000 0.495522 0.056000 0.092537
1 0.672000 0.468657 0.032000 0.074627
1 0.796000 0.465672 0.032000 0.065672
1 0.848000 0.450746 0.036000 0.068657
0 0.244000 0.710448 0.144000 0.567164
0 0.390000 0.698507 0.146000 0.597015
0 0.788000 0.591045 0.070000 0.313433
0 0.530000 0.686567 0.108000 0.549254
0 0.856000 0.591045 0.070000 0.346269
0 0.622000 0.686567 0.070000 0.501493
0 0.944000 0.570149 0.056000 0.256716
0 0.680000 0.605970 0.056000 0.343284