2 0.885417 0.748047 0.046875 0.130859
2 0.825521 0.664062 0.052083 0.128906
1 0.705729 0.634766 0.095052 0.078125
1 0.345052 0.464844 0.131510 0.199219
1 0.031250 0.666016 0.057292 0.212891
1 0.106771 0.593750 0.044271 0.078125
1 0.945312 0.683594 0.092448 0.169922
1 0.722656 0.556641 0.042969 0.082031
1 0.553385 0.488281 0.048177 0.085938
0 0.886719 0.750000 0.053385 0.142578
0 0.828125 0.660156 0.078125 0.166016
0 0.949219 0.759766 0.104167 0.365234
0 0.811198 0.800781 0.380208 0.402344
0 0.731771 0.583984 0.069010 0.138672
0 0.584635 0.718750 0.147135 0.548828
0 0.115885 0.744141 0.165365 0.376953
0 0.091146 0.789062 0.122396 0.427734
0 0.380208 0.683594 0.351562 0.638672
2 0.095052 0.671875 0.089844 0.197266
2 0.807292 0.800781 0.382812 0.404297
2 0.559896 0.589844 0.111979 0.228516