2 0.089844 0.537445 0.160156 0.464024
2 0.250000 0.484582 0.108398 0.283407
2 0.548828 0.493392 0.124023 0.242291
2 0.682617 0.518355 0.134766 0.367107
2 0.847656 0.544787 0.117188 0.274596
1 0.112305 0.303965 0.110352 0.158590
1 0.258789 0.340675 0.075195 0.114537
1 0.418945 0.393539 0.067383 0.102790
1 0.554688 0.374449 0.057617 0.096916
1 0.655273 0.321586 0.089844 0.120411
1 0.833008 0.417034 0.070312 0.105727
0 0.101562 0.610866 0.198242 0.775330
0 0.244141 0.641703 0.125977 0.719530
0 0.397461 0.615272 0.128906 0.546256
0 0.544922 0.607930 0.124023 0.565345
0 0.676758 0.631424 0.176758 0.740088
0 0.852539 0.681351 0.118164 0.637298