1 0.196250 0.525000 0.026250 0.040000
1 0.440000 0.651667 0.022500 0.036667
1 0.447500 0.516667 0.025000 0.041667
1 0.741250 0.570000 0.020000 0.025000
1 0.685000 0.595000 0.023750 0.036667
1 0.685000 0.286667 0.018750 0.036667
1 0.756250 0.278333 0.022500 0.035000
1 0.792500 0.266667 0.022500 0.035000
1 0.727500 0.416667 0.022500 0.038333
1 0.383750 0.093333 0.018750 0.025000
1 0.758750 0.116667 0.020000 0.028333
0 0.730000 0.491667 0.046250 0.190000
0 0.755000 0.610000 0.058750 0.108333
0 0.682500 0.621667 0.058750 0.088333
0 0.452500 0.683333 0.065000 0.100000
0 0.450000 0.601667 0.065000 0.205000
0 0.190000 0.608333 0.040000 0.208333
0 0.687500 0.371667 0.053750 0.198333
0 0.755000 0.355000 0.031250 0.181667
0 0.795000 0.353333 0.043750 0.198333
0 0.382500 0.161667 0.031250 0.161667
0 0.745000 0.140000 0.050000 0.083333