2 0.515278 0.427056 0.055556 0.302387
2 0.025000 0.493369 0.043056 0.145889
2 0.115278 0.464191 0.069444 0.201592
2 0.216667 0.472149 0.055556 0.180371
2 0.733333 0.336870 0.051389 0.188329
2 0.608333 0.490716 0.106944 0.159151
1 0.019444 0.424403 0.027778 0.063660
1 0.106944 0.366048 0.041667 0.090186
1 0.223611 0.384615 0.034722 0.082228
1 0.263889 0.326260 0.029167 0.068966
1 0.526389 0.289125 0.052778 0.122016
1 0.661111 0.424403 0.051389 0.116711
1 0.741667 0.246684 0.047222 0.098143
0 0.036111 0.554377 0.066667 0.318302
0 0.122222 0.564987 0.094444 0.485411
0 0.216667 0.559682 0.063889 0.416446
0 0.275000 0.464191 0.072222 0.344828
0 0.512500 0.557029 0.123611 0.657825
0 0.619444 0.599469 0.145833 0.472149
0 0.743056 0.437666 0.081944 0.482759