0 0.045455 0.128944 0.027273 0.078189
0 0.037190 0.153635 0.047934 0.148148
0 0.024793 0.266118 0.047934 0.384088
0 0.410744 0.196159 0.084298 0.304527
0 0.343802 0.122085 0.059504 0.176955
0 0.319008 0.139918 0.038843 0.112483
0 0.259504 0.419753 0.120661 0.707819
0 0.137190 0.282579 0.096694 0.377229
0 0.367769 0.469136 0.139669 0.735254
0 0.544628 0.422497 0.180165 0.802469
0 0.712397 0.397805 0.123140 0.689986
0 0.741322 0.514403 0.111570 0.888889
0 0.880992 0.502058 0.218182 0.998628
0 0.958678 0.390947 0.081818 0.779150
1 0.046281 0.105624 0.022314 0.039781
1 0.010744 0.106996 0.019008 0.069959
1 0.319835 0.122085 0.037190 0.074074
1 0.351240 0.068587 0.036364 0.074074
1 0.393388 0.100137 0.045455 0.115226
1 0.266116 0.128944 0.062810 0.127572
1 0.539669 0.089163 0.066942 0.150892
1 0.758678 0.115226 0.056198 0.141289
1 0.795041 0.135802 0.080165 0.152263
1 0.873554 0.085048 0.095041 0.160494
1 0.953719 0.072702 0.070248 0.135802