0 0.366758 0.092784 0.034341 0.080412
0 0.304945 0.204124 0.031593 0.115464
0 0.548077 0.523711 0.027473 0.140206
0 0.478022 0.529897 0.045330 0.138144
0 0.420330 0.719588 0.064560 0.208247
2 0.364011 0.068041 0.026099 0.026804
2 0.306319 0.181443 0.024725 0.051546
2 0.553571 0.503093 0.028846 0.063918
2 0.480769 0.505155 0.030220 0.061856
2 0.420330 0.678351 0.041209 0.090722
1 0.296703 0.156701 0.015110 0.020619
1 0.416209 0.630928 0.020604 0.030928
1 0.489011 0.474227 0.021978 0.028866
1 0.550824 0.468041 0.016484 0.028866