2 0.302857 0.414679 0.142857 0.284404
2 0.438571 0.400000 0.091429 0.196330
2 0.564286 0.398165 0.088571 0.187156
2 0.728571 0.256881 0.215714 0.355963
1 0.432857 0.346789 0.048571 0.086239
1 0.365714 0.310092 0.077143 0.100917
1 0.202857 0.264220 0.071429 0.111927
1 0.447143 0.304587 0.048571 0.086239
1 0.552857 0.297248 0.048571 0.084404
1 0.825714 0.242202 0.030000 0.075229
1 0.631429 0.117431 0.128571 0.183486
0 0.392857 0.451376 0.087143 0.289908
0 0.331429 0.532110 0.148571 0.548624
0 0.174286 0.409174 0.162857 0.405505
0 0.454286 0.504587 0.115714 0.467890
0 0.561429 0.491743 0.102857 0.451376
0 0.870000 0.475229 0.118571 0.546789
0 0.702857 0.488073 0.284286 0.893578