0 0.207031 0.686987 0.095312 0.177022
0 0.911719 0.745604 0.048437 0.117233
0 0.590625 0.583822 0.181250 0.834701
0 0.455469 0.567409 0.185937 0.867526
0 0.307031 0.597890 0.156250 0.806565
0 0.961719 0.703400 0.068750 0.541618
1 0.307031 0.263775 0.086719 0.159437
1 0.527344 0.257913 0.044531 0.128957
1 0.416406 0.181712 0.080469 0.139508
1 0.953125 0.480657 0.059375 0.100821
2 0.292188 0.425557 0.125781 0.337632
2 0.571094 0.399766 0.125000 0.314185
2 0.453125 0.376319 0.160156 0.405627
2 0.956250 0.592028 0.082031 0.225088