2 0.895248 0.438095 0.075594 0.176190
2 0.801296 0.574603 0.085313 0.180952
2 0.612311 0.560317 0.086393 0.123810
2 0.231102 0.471429 0.071274 0.131746
2 0.407127 0.577778 0.110151 0.133333
1 0.176026 0.700000 0.077754 0.126984
1 0.139309 0.615873 0.046436 0.068254
1 0.725702 0.360317 0.034557 0.063492
1 0.895248 0.336508 0.048596 0.077778
1 0.818574 0.465079 0.057235 0.087302
1 0.606911 0.495238 0.049676 0.074603
1 0.048596 0.277778 0.090713 0.171429
1 0.219222 0.395238 0.043197 0.063492
1 0.382289 0.511111 0.064795 0.074603
0 0.076674 0.587302 0.150108 0.815873
0 0.118790 0.638095 0.082073 0.119048
0 0.150108 0.819048 0.145788 0.360317
0 0.736501 0.434921 0.102592 0.214286
0 0.815335 0.363492 0.069114 0.131746
0 0.892009 0.525397 0.072354 0.458730
0 0.795896 0.615873 0.085313 0.404762
0 0.233261 0.547619 0.089633 0.368254
0 0.384449 0.617460 0.190065 0.287302
0 0.597192 0.607937 0.123110 0.303175