0 0.257958 0.075658 0.053787 0.088816
0 0.892426 0.200658 0.082327 0.104441
0 0.447859 0.119243 0.085620 0.195724
0 0.493963 0.092105 0.060373 0.129934
0 0.205269 0.064967 0.058178 0.117599
1 0.444566 0.039474 0.037322 0.035362
1 0.484083 0.041118 0.029638 0.027961
1 0.188804 0.018092 0.021954 0.023849
1 0.252470 0.041941 0.026345 0.020559
1 0.893524 0.164474 0.030735 0.032072
0 0.799122 0.138158 0.035126 0.050164
0 0.913282 0.140625 0.036224 0.042763
1 0.809001 0.122533 0.015368 0.017270
1 0.916575 0.127467 0.020856 0.016447