1 0.845209 0.433114 0.027846 0.050439
1 0.539722 0.407895 0.013923 0.038377
0 0.149877 0.546053 0.081081 0.369518
0 0.266175 0.573465 0.091728 0.460526
0 0.379197 0.572368 0.110565 0.457237
0 0.481572 0.618421 0.126945 0.472588
0 0.607699 0.546053 0.077805 0.310307
0 0.773137 0.672149 0.169533 0.586623
0 0.680590 0.578947 0.096642 0.469298
0 0.878788 0.609649 0.097461 0.455044
0 0.940213 0.544956 0.076986 0.247807
1 0.270270 0.382675 0.049959 0.075658
1 0.375921 0.378289 0.047502 0.070175
1 0.686323 0.384868 0.053235 0.080044
1 0.597052 0.419956 0.032760 0.058114
1 0.873874 0.415570 0.054873 0.067982
1 0.829648 0.453947 0.046683 0.060307
2 0.878788 0.520833 0.097461 0.166667
1 0.429156 0.423246 0.026208 0.049342
0 0.435708 0.450658 0.038493 0.104167
0 0.534808 0.575658 0.069615 0.428728
0 0.825553 0.595395 0.052416 0.344298