2 0.508224 0.518112 0.074836 0.170143
2 0.019737 0.405049 0.037007 0.163557
2 0.513980 0.285401 0.023026 0.090011
2 0.337171 0.331504 0.027138 0.082327
2 0.967928 0.361142 0.043586 0.155873
2 0.530428 0.413831 0.056743 0.128430
2 0.654605 0.388584 0.060033 0.136114
2 0.683388 0.327113 0.046875 0.062569
2 0.736020 0.284303 0.023849 0.084523
2 0.782072 0.297475 0.025493 0.094402
0 0.547697 0.367728 0.021382 0.036224
0 0.980263 0.293085 0.018914 0.018661
0 0.697368 0.307355 0.013158 0.023052
0 0.631579 0.332602 0.013980 0.024149
0 0.494243 0.446762 0.025493 0.027442
0 0.009046 0.330406 0.015625 0.015368
0 0.512336 0.246981 0.011513 0.012075
0 0.741776 0.246981 0.011513 0.010977
0 0.780428 0.256861 0.011513 0.012075