0 0.162007 0.442371 0.034539 0.113063
0 0.378289 0.350165 0.047697 0.103183
0 0.562500 0.353458 0.031250 0.093304
0 0.379934 0.554336 0.052632 0.073546
0 0.533717 0.577388 0.050164 0.073546
0 0.734375 0.579583 0.041118 0.058178
0 0.810855 0.451153 0.034539 0.109769
0 0.964638 0.363337 0.047697 0.127333
0 0.755757 0.196487 0.028783 0.102086
0 0.681743 0.185510 0.026316 0.113063
0 0.649671 0.186608 0.025493 0.105379
0 0.897204 0.291987 0.032072 0.113063
0 0.885691 0.266740 0.030428 0.114160
1 0.388980 0.541164 0.013980 0.019759
1 0.241776 0.518112 0.016447 0.021954
1 0.369243 0.309550 0.015625 0.021954
1 0.566612 0.317234 0.013158 0.021954
1 0.747533 0.560922 0.015625 0.020856
1 0.816612 0.408342 0.015625 0.024149
1 0.976151 0.312843 0.019737 0.027442
1 0.895559 0.245884 0.015625 0.020856
1 0.890625 0.221734 0.015625 0.024149
1 0.759046 0.156970 0.012336 0.023052
1 0.683388 0.141603 0.013158 0.023052
1 0.652961 0.144896 0.012336 0.020856
1 0.518092 0.565313 0.013980 0.017563
1 0.881579 0.203074 0.012336 0.021954
0 0.871711 0.246981 0.039474 0.118551
0 0.243421 0.560922 0.042763 0.104281
1 0.644737 0.130626 0.012336 0.014270
0 0.639803 0.175631 0.022204 0.104281
0 0.755757 0.060373 0.015625 0.042810
1 0.759046 0.045005 0.009046 0.012075