1 0.175987 0.051592 0.104441 0.093304
1 0.053454 0.070252 0.105263 0.137212
0 0.365954 0.556531 0.149671 0.402854
0 0.177632 0.500549 0.353618 0.998902
1 0.400493 0.412733 0.083059 0.114160
0 0.154605 0.395170 0.171053 0.788145
0 0.541118 0.686059 0.417763 0.627881
0 0.689145 0.676180 0.185033 0.220637
0 0.951480 0.848518 0.099507 0.306257
0 0.514803 0.111965 0.011513 0.052689
1 0.516447 0.093304 0.007401 0.012075
0 0.782072 0.099890 0.008224 0.027442
0 0.794408 0.100988 0.009046 0.030735
0 0.802632 0.102086 0.006579 0.032931
0 0.866776 0.103183 0.009046 0.034029
1 0.868421 0.088913 0.004934 0.006586
1 0.791941 0.088913 0.004934 0.006586
1 0.804276 0.088913 0.004112 0.005488