0 0.798520 0.241493 0.033717 0.136114
0 0.741776 0.212953 0.022204 0.085620
0 0.716283 0.214050 0.018092 0.055982
0 0.871711 0.214050 0.029605 0.094402
0 0.900493 0.220637 0.018914 0.035126
0 0.978618 0.198683 0.018914 0.047201
0 0.845395 0.196487 0.018092 0.058178
1 0.801809 0.187706 0.018092 0.028540
1 0.741776 0.180022 0.012336 0.018661
1 0.716283 0.193194 0.007401 0.014270
1 0.875000 0.175631 0.013158 0.017563
1 0.900493 0.210757 0.009868 0.015368
1 0.845395 0.175631 0.009868 0.017563
1 0.982730 0.182217 0.010691 0.015368
1 0.989309 0.208562 0.008224 0.010977
0 0.981908 0.218441 0.028783 0.029638