0 0.324918 0.634868 0.099890 0.098684
0 0.156970 0.762336 0.075741 0.154605
0 0.377607 0.788651 0.118551 0.087993
0 0.322722 0.383224 0.058178 0.112664
1 0.170143 0.704770 0.047201 0.034539
1 0.356751 0.763158 0.042810 0.037007
1 0.328211 0.336349 0.025247 0.018914
1 0.378705 0.162007 0.015368 0.012336
1 0.294182 0.601151 0.028540 0.029605
0 0.365532 0.185033 0.047201 0.056743
1 0.339188 0.146382 0.013172 0.014803
1 0.260154 0.195724 0.010977 0.017270
0 0.270033 0.209704 0.031833 0.046053
0 0.326015 0.157895 0.040615 0.039474