0 0.365954 0.347969 0.030428 0.108672
0 0.107730 0.315038 0.046875 0.107574
0 0.638158 0.255763 0.029605 0.117453
0 0.201480 0.196487 0.020559 0.068057
0 0.176809 0.201976 0.022204 0.080132
1 0.112664 0.275521 0.018914 0.025247
1 0.369243 0.304061 0.013980 0.019759
1 0.176809 0.170143 0.013158 0.016465
1 0.204770 0.170143 0.013158 0.015368
1 0.641447 0.211855 0.013158 0.017563
0 0.435033 0.244786 0.023849 0.084523
1 0.434211 0.210757 0.013158 0.017563
0 0.504934 0.220637 0.027138 0.066959
1 0.507401 0.193194 0.012336 0.012075