0 0.443898 0.391447 0.040131 0.165570
0 0.459459 0.591009 0.135954 0.203947
0 0.596233 0.484649 0.098280 0.286184
0 0.687961 0.458333 0.072891 0.255482
0 0.776413 0.483553 0.090909 0.236842
0 0.021294 0.361842 0.040131 0.110746
0 0.513514 0.453947 0.038493 0.070175
1 0.011466 0.314693 0.013923 0.016447
1 0.446355 0.321272 0.018018 0.026316
1 0.517609 0.433114 0.018018 0.028509
1 0.506142 0.517544 0.043407 0.053728
1 0.628174 0.371711 0.036036 0.060307
1 0.708436 0.358553 0.030303 0.057018
1 0.755938 0.390351 0.029484 0.048246