0 0.521405 0.123355 0.139407 0.245066
0 0.689352 0.233553 0.035126 0.019737
0 0.789243 0.238487 0.029638 0.031250
0 0.818880 0.240954 0.024149 0.037829
0 0.854007 0.245066 0.031833 0.041118
1 0.841932 0.110197 0.007684 0.004112
0 0.925357 0.146382 0.020856 0.022204
0 0.824369 0.126645 0.019759 0.022204
0 0.845225 0.120066 0.016465 0.023849
1 0.701427 0.229441 0.012075 0.011513
1 0.800220 0.227796 0.007684 0.009046
1 0.823271 0.226151 0.010977 0.008224
1 0.859495 0.230263 0.012075 0.010691
0 0.915478 0.278783 0.040615 0.033717
1 0.920966 0.267270 0.012075 0.010691
1 0.930845 0.138158 0.007684 0.005757