0 0.628979 0.837171 0.153677 0.163651
0 0.530187 0.587171 0.116356 0.169408
0 0.267838 0.503289 0.073546 0.129112
0 0.353458 0.441612 0.076839 0.118421
0 0.478595 0.427632 0.047201 0.142270
0 0.407245 0.388980 0.053787 0.113487
1 0.496158 0.519737 0.045005 0.034539
1 0.468716 0.370066 0.030735 0.027961
1 0.461032 0.330592 0.029638 0.025493
1 0.408342 0.346217 0.026345 0.027138
1 0.355653 0.398026 0.034029 0.028783
1 0.588364 0.775493 0.060373 0.038651
1 0.265642 0.453125 0.037322 0.029605
0 0.463227 0.353618 0.043908 0.072368
0 0.170143 0.254934 0.052689 0.090461
0 0.380900 0.251645 0.047201 0.083059
0 0.441273 0.209704 0.062569 0.069901
0 0.517014 0.231086 0.037322 0.082237
0 0.566411 0.201480 0.037322 0.064967
1 0.163557 0.218750 0.025247 0.018092
1 0.367728 0.217928 0.018661 0.013980
1 0.451153 0.182566 0.017563 0.015625
1 0.513721 0.199836 0.019759 0.017270
1 0.565313 0.174342 0.017563 0.013158