2 0.561835 0.577851 0.129402 0.485746
2 0.761671 0.611842 0.109746 0.520833
2 0.856675 0.569079 0.082719 0.382675
2 0.403767 0.576754 0.095823 0.449561
2 0.303849 0.620614 0.117117 0.492325
2 0.168714 0.570175 0.078624 0.439693
2 0.098280 0.547149 0.074529 0.334430
0 0.170352 0.370614 0.047502 0.039474
0 0.261261 0.367325 0.047502 0.046053
0 0.582310 0.356360 0.050778 0.047149
0 0.774775 0.377193 0.062244 0.048246
0 0.846028 0.395833 0.040131 0.033991
0 0.460278 0.404605 0.027846 0.026316
1 0.773137 0.507675 0.090090 0.196272
1 0.858313 0.504386 0.079443 0.137061
2 0.248976 0.565789 0.081081 0.442982
2 0.207207 0.562500 0.041769 0.357456
2 0.475839 0.526316 0.058968 0.268640
0 0.357903 0.513158 0.018018 0.025219
2 0.350532 0.467105 0.023751 0.069079
2 0.527437 0.524123 0.045864 0.292763
0 0.535627 0.391447 0.031122 0.027412
2 0.884521 0.518640 0.041769 0.274123