0 0.686678 0.517544 0.011513 0.038377
0 0.781250 0.521930 0.012336 0.036184
0 0.872533 0.518640 0.006579 0.035088
0 0.941612 0.520833 0.010691 0.028509
0 0.199836 0.566886 0.022204 0.076754
0 0.301809 0.605263 0.029605 0.073465
1 0.199013 0.536184 0.017270 0.015351
1 0.308388 0.576754 0.009868 0.016447
0 0.698191 0.527412 0.009046 0.012061
1 0.688322 0.502193 0.005757 0.008772
1 0.697368 0.525219 0.004934 0.007675
1 0.939967 0.510965 0.006579 0.008772
0 0.867599 0.510965 0.006579 0.019737
1 0.873355 0.505482 0.005757 0.007675
1 0.867599 0.505482 0.004934 0.008772
0 0.817434 0.526316 0.012336 0.040570
0 0.810855 0.525219 0.009046 0.041667
0 0.801809 0.518640 0.013980 0.037281
0 0.737664 0.517544 0.010691 0.012061
1 0.816612 0.508772 0.004934 0.006579
1 0.810033 0.508772 0.004934 0.007675
1 0.803454 0.504386 0.004934 0.008772
1 0.781250 0.506579 0.004934 0.006579
1 0.740132 0.514254 0.004934 0.005482
1 0.755757 0.496711 0.003289 0.004386
0 0.756579 0.498904 0.005757 0.007675
0 0.777138 0.501096 0.005757 0.023026