0 0.435033 0.357849 0.045230 0.085620
0 0.613487 0.307355 0.028783 0.062569
0 0.685033 0.302964 0.027138 0.038419
0 0.750822 0.284303 0.023849 0.062569
0 0.735197 0.467618 0.078947 0.177827
0 0.810855 0.324918 0.037829 0.097695
0 0.944079 0.331504 0.038651 0.097695
1 0.430099 0.327113 0.014803 0.023052
0 0.742599 0.358946 0.049342 0.063666
1 0.762336 0.397366 0.024671 0.037322
1 0.731086 0.343578 0.023026 0.029638
1 0.622533 0.284303 0.009868 0.016465
1 0.676809 0.294182 0.010691 0.018661
1 0.749178 0.261251 0.010691 0.017563
0 0.856086 0.295280 0.029605 0.050494
1 0.824013 0.285401 0.011513 0.018661
1 0.858553 0.278814 0.010691 0.016465
1 0.932566 0.294182 0.016447 0.024149