0 0.037007 0.546652 0.050164 0.188804
0 0.198191 0.628979 0.046053 0.192097
0 0.211349 0.524698 0.037829 0.105379
0 0.636513 0.158068 0.019737 0.069155
0 0.613487 0.154775 0.021382 0.070252
1 0.189967 0.551043 0.029605 0.037322
1 0.204770 0.489572 0.024671 0.035126
1 0.039474 0.470911 0.025493 0.037322
1 0.021382 0.763996 0.023849 0.046103
0 0.060855 0.297475 0.026316 0.059276
1 0.065789 0.285401 0.014803 0.020856
1 0.618421 0.127333 0.009046 0.014270
1 0.636513 0.130626 0.009046 0.015368
0 0.017270 0.834248 0.032895 0.185510
0 0.206414 0.105379 0.017270 0.053787
0 0.238487 0.064764 0.015625 0.046103
0 0.185033 0.028540 0.008224 0.036224
0 0.154605 0.071350 0.018092 0.027442
0 0.006579 0.135016 0.010691 0.055982
0 0.046053 0.143798 0.016447 0.062569
0 0.040296 0.115258 0.016447 0.029638
0 0.110197 0.053787 0.010691 0.047201
0 0.125000 0.025247 0.013158 0.036224
0 0.155428 0.040615 0.011513 0.025247
1 0.042763 0.119649 0.009868 0.015368
1 0.041941 0.105379 0.009046 0.010977
1 0.203947 0.084523 0.010691 0.013172
1 0.153783 0.029638 0.004112 0.004391
1 0.108553 0.035126 0.006579 0.009879
1 0.236020 0.047201 0.007401 0.010977
1 0.183388 0.013172 0.004112 0.005488
1 0.125000 0.010977 0.005757 0.007684