0 0.941822 0.485197 0.052689 0.129112
0 0.565313 0.498355 0.103183 0.112664
0 0.666301 0.461349 0.034029 0.074013
0 0.379802 0.454770 0.038419 0.081414
0 0.225027 0.459704 0.040615 0.093750
0 0.082327 0.460526 0.059276 0.107730
0 0.138310 0.481086 0.051592 0.062500
1 0.075741 0.416118 0.028540 0.018092
1 0.223930 0.423520 0.021954 0.020559
1 0.384193 0.421875 0.019759 0.015625
1 0.668496 0.433388 0.019759 0.017270
0 0.603732 0.464638 0.029638 0.080592
0 0.612514 0.433388 0.023052 0.032895
1 0.611416 0.423520 0.018661 0.013158
0 0.498353 0.469572 0.028540 0.089638
0 0.698134 0.453125 0.034029 0.048520
1 0.498353 0.430099 0.017563 0.013158