0 0.392301 0.631579 0.067158 0.156798
0 0.919738 0.427632 0.038493 0.069079
0 0.577396 0.497807 0.048321 0.111842
0 0.508600 0.478070 0.030303 0.085526
0 0.476658 0.494518 0.018018 0.088816
0 0.688780 0.490132 0.033579 0.109649
0 0.723178 0.467105 0.037674 0.064693
1 0.395577 0.572368 0.023751 0.038377
1 0.711712 0.442982 0.011466 0.016447
1 0.698608 0.447368 0.015561 0.026316
1 0.580672 0.452851 0.014742 0.021930
0 0.495495 0.453947 0.013104 0.074561
1 0.479115 0.458333 0.012285 0.017544
1 0.513514 0.444079 0.012285 0.017544
1 0.497952 0.424342 0.008190 0.014254
0 0.553645 0.492325 0.027027 0.100877
1 0.553645 0.452851 0.013923 0.020833
1 0.915643 0.404605 0.014742 0.021930
0 0.676495 0.462719 0.034398 0.069079
1 0.687961 0.436404 0.011466 0.015351
1 0.720721 0.395833 0.012285 0.014254
1 0.731368 0.388158 0.009009 0.010965
1 0.739558 0.388158 0.009009 0.010965
1 0.723997 0.377193 0.009828 0.012061
0 0.729730 0.422149 0.014742 0.077851
0 0.742015 0.421053 0.011466 0.075658
0 0.719083 0.416667 0.014742 0.057018
0 0.720721 0.388158 0.021294 0.038377
0 0.121212 0.323465 0.013104 0.050439