0 0.398026 0.714599 0.034539 0.145993
0 0.686678 0.312843 0.026316 0.088913
0 0.897204 0.317234 0.033717 0.095499
0 0.726151 0.335895 0.023849 0.035126
0 0.231086 0.345774 0.039474 0.097695
0 0.290296 0.361142 0.028783 0.038419
0 0.331414 0.341383 0.020559 0.090011
0 0.483553 0.389682 0.045230 0.083425
0 0.428454 0.321625 0.022204 0.042810
0 0.380757 0.293085 0.015625 0.077936
0 0.801809 0.316136 0.027961 0.091109
1 0.402138 0.655324 0.017270 0.028540
1 0.226974 0.306257 0.013980 0.018661
1 0.297697 0.347969 0.009868 0.013172
1 0.331414 0.305159 0.010691 0.017563
1 0.497533 0.363337 0.014803 0.020856
1 0.681743 0.278814 0.011513 0.018661
1 0.906250 0.281010 0.014803 0.023052
1 0.931743 0.339188 0.013980 0.023052
1 0.629112 0.637761 0.013980 0.024149
0 0.624178 0.691548 0.024671 0.131723
1 0.380757 0.262349 0.009868 0.016465
1 0.434211 0.307355 0.009868 0.016465
0 0.505757 0.323820 0.018092 0.036224
0 0.605263 0.302964 0.016447 0.051592
1 0.610197 0.282108 0.007401 0.009879
1 0.731908 0.326015 0.009046 0.014270
1 0.812500 0.281010 0.011513 0.021954
0 0.819079 0.321625 0.024671 0.079034
0 0.928454 0.346872 0.025493 0.039517