0 0.432566 0.470911 0.033717 0.092206
0 0.735197 0.467618 0.021382 0.034029
0 0.236842 0.506037 0.046053 0.174533
0 0.271382 0.477497 0.033717 0.104281
0 0.170230 0.506037 0.046053 0.172338
0 0.115132 0.495060 0.055921 0.190999
0 0.044408 0.488474 0.031250 0.158068
0 0.009868 0.474204 0.017270 0.093304
0 0.081414 0.467618 0.013980 0.088913
1 0.010691 0.437980 0.015625 0.021954
1 0.046875 0.427003 0.022204 0.031833
1 0.081414 0.431394 0.013158 0.017563
1 0.114309 0.416026 0.021382 0.032931
1 0.230263 0.432492 0.022204 0.027442
1 0.276316 0.430296 0.012336 0.010977
1 0.435855 0.433589 0.011513 0.017563
1 0.732730 0.457739 0.009046 0.014270