0 0.112664 0.526893 0.034539 0.106476
0 0.532072 0.410538 0.027138 0.076839
0 0.540296 0.353458 0.017270 0.077936
0 0.387336 0.439078 0.032895 0.098793
0 0.284539 0.454446 0.055099 0.107574
0 0.150493 0.425906 0.025493 0.092206
0 0.009046 0.290889 0.016447 0.053787
0 0.216283 0.334797 0.021382 0.071350
0 0.240954 0.332602 0.018914 0.066959
0 0.264803 0.334797 0.018914 0.063666
1 0.144737 0.366630 0.013158 0.021954
1 0.144737 0.389682 0.013158 0.018661
1 0.106086 0.482986 0.015625 0.019759
1 0.293586 0.410538 0.013980 0.018661
1 0.381579 0.399561 0.013980 0.019759
1 0.523026 0.380900 0.009868 0.016465
1 0.540296 0.322722 0.009868 0.016465
0 0.888158 0.517014 0.032895 0.049396
1 0.887336 0.506037 0.016447 0.027442
1 0.008224 0.270033 0.009046 0.013172
0 0.145559 0.379802 0.019737 0.048299
1 0.212993 0.307355 0.009868 0.014270
1 0.238487 0.307355 0.009868 0.017563
1 0.260691 0.310648 0.010691 0.015368