2 0.323465 0.703522 0.026316 0.060606
2 0.143640 0.701884 0.032895 0.045045
2 0.257675 0.705979 0.043860 0.073710
2 0.826754 0.727273 0.076754 0.099918
2 0.402412 0.723997 0.041667 0.087633
2 0.495614 0.712531 0.028509 0.064701
0 0.836623 0.684685 0.021930 0.013923
0 0.154605 0.683866 0.014254 0.009828
0 0.262061 0.674038 0.016447 0.008190
0 0.330044 0.678133 0.013158 0.009009
0 0.402412 0.685504 0.017544 0.010647
0 0.490132 0.683866 0.012061 0.007371
1 0.140351 0.694513 0.023026 0.018837
1 0.324561 0.696151 0.027412 0.023751