2 0.515917 0.888980 0.115258 0.114309
2 0.568606 0.240132 0.064764 0.079770
2 0.600439 0.173520 0.041712 0.088816
0 0.479693 0.847862 0.041712 0.032072
0 0.559824 0.208059 0.018661 0.015625
0 0.588364 0.134868 0.015368 0.011513
0 0.576290 0.051809 0.014270 0.011513
2 0.583974 0.079770 0.036224 0.067434
2 0.369923 0.041118 0.030735 0.049342
2 0.400659 0.077303 0.031833 0.057566
2 0.406147 0.052632 0.024149 0.022204
0 0.361142 0.020559 0.010977 0.007401
0 0.412733 0.045230 0.010977 0.007401
0 0.394072 0.052632 0.010977 0.006579
2 0.122942 0.013980 0.019759 0.025493
2 0.018661 0.103618 0.032931 0.050987
2 0.016465 0.152961 0.029638 0.051809
2 0.020856 0.137336 0.039517 0.056743
2 0.068057 0.028783 0.028540 0.031250
2 0.053787 0.013980 0.012075 0.017270
0 0.010977 0.081414 0.012075 0.006579
0 0.004391 0.115132 0.006586 0.010691
0 0.058178 0.016447 0.007684 0.005757
0 0.051592 0.007401 0.006586 0.004112