1 0.456641 0.198191 0.006586 0.003289
1 0.387486 0.179276 0.005488 0.004934
1 0.406147 0.181743 0.006586 0.003289
0 0.345774 0.185033 0.012075 0.018914
0 0.444566 0.190789 0.009879 0.017270
0 0.389682 0.188322 0.009879 0.022204
0 0.407245 0.189967 0.008782 0.020559
0 0.457739 0.203947 0.008782 0.015625
1 0.525796 0.217105 0.004391 0.003289
0 0.521405 0.220395 0.014270 0.013158
1 0.106476 0.425987 0.021954 0.010691
0 0.111965 0.462993 0.043908 0.084704
0 0.437980 0.362664 0.127333 0.159539
1 0.391877 0.301809 0.035126 0.035362