1 0.620803 0.313596 0.008190 0.013158
0 0.229320 0.369518 0.042588 0.094298
0 0.534808 0.262061 0.025389 0.084430
0 0.986896 0.337719 0.028665 0.129386
0 0.842752 0.333333 0.021294 0.082237
0 0.279279 0.364035 0.031122 0.112939
1 0.217035 0.334430 0.014742 0.021930
1 0.274365 0.320175 0.015561 0.024123
1 0.538084 0.229167 0.013923 0.018640
1 0.843571 0.300439 0.012285 0.017544
1 0.991810 0.285088 0.016380 0.024123
0 0.614251 0.343202 0.022113 0.071272
0 0.567568 0.341009 0.025389 0.076754
0 0.684685 0.205044 0.038493 0.059211
0 0.859132 0.314693 0.012285 0.041667
1 0.859132 0.300439 0.009828 0.014254
0 0.416052 0.339912 0.016380 0.058114
1 0.559378 0.310307 0.009828 0.014254
1 0.687961 0.182018 0.009828 0.013158