2 0.813596 0.757576 0.076754 0.180999
2 0.630482 0.675676 0.029605 0.041769
2 0.429825 0.631450 0.036184 0.070434
0 0.812500 0.677314 0.037281 0.021294
0 0.870614 0.670762 0.035088 0.019656
0 0.421053 0.601966 0.013158 0.009828
0 0.739035 0.654382 0.014254 0.008190
1 0.427632 0.620803 0.025219 0.028665
2 0.876096 0.745291 0.070175 0.167895
0 0.716009 0.659296 0.015351 0.008190
0 0.698465 0.663391 0.015351 0.008190
0 0.630482 0.659296 0.013158 0.007371
0 0.683114 0.659296 0.014254 0.008190
1 0.631579 0.672400 0.021930 0.016380
1 0.683114 0.677314 0.024123 0.021294
1 0.741228 0.669124 0.018640 0.018018
2 0.685307 0.689599 0.031798 0.068796
2 0.741228 0.674038 0.026316 0.048321
2 0.700658 0.678952 0.019737 0.039312
2 0.721491 0.689599 0.026316 0.067977