0 0.436527 0.741228 0.329238 0.519737
0 0.796888 0.527412 0.301392 0.947368
1 0.475020 0.599781 0.140868 0.234649
1 0.831286 0.167763 0.124488 0.226974
0 0.070434 0.182018 0.019656 0.059211
0 0.197379 0.182018 0.017199 0.065789
0 0.217035 0.164474 0.019656 0.042763
0 0.242424 0.180921 0.021294 0.074561
1 0.072891 0.160088 0.009009 0.015351
1 0.198198 0.155702 0.009828 0.012061
1 0.221130 0.151316 0.009828 0.016447
0 0.473382 0.146930 0.013923 0.061404
0 0.484848 0.148026 0.012285 0.055921
1 0.474201 0.122807 0.008190 0.013158