1 0.355653 0.514803 0.019759 0.018092
1 0.446762 0.508224 0.017563 0.014803
1 0.600439 0.505757 0.014270 0.016447
0 0.608123 0.537829 0.031833 0.078125
0 0.353458 0.550987 0.032931 0.090461
0 0.448957 0.541941 0.036224 0.083882
0 0.296378 0.574013 0.049396 0.142270
0 0.578485 0.559211 0.063666 0.122533
0 0.532382 0.538651 0.046103 0.070724
0 0.690450 0.549342 0.092206 0.117599
1 0.288694 0.514803 0.029638 0.023849
1 0.580681 0.508224 0.024149 0.020559
1 0.532382 0.511513 0.018661 0.015625
1 0.713502 0.500822 0.026345 0.019737