2 0.161184 0.293085 0.032072 0.108672
2 0.047697 0.265642 0.032072 0.060373
2 0.257401 0.361142 0.045230 0.130626
2 0.323191 0.416026 0.062500 0.163557
2 0.297697 0.286498 0.026316 0.106476
2 0.426809 0.253568 0.023026 0.037322
2 0.518914 0.298573 0.037007 0.135016
2 0.572368 0.273326 0.026316 0.073546
2 0.601151 0.288694 0.027138 0.117453
2 0.691612 0.274424 0.030428 0.082327
2 0.730263 0.226125 0.020559 0.059276
2 0.777138 0.226125 0.019737 0.058178
2 0.797697 0.226125 0.023026 0.062569
0 0.244243 0.310648 0.018914 0.030735
0 0.291941 0.240395 0.014803 0.015368
0 0.519737 0.239297 0.017270 0.016465
0 0.599507 0.239297 0.015625 0.018661
2 0.008224 0.293085 0.013980 0.062569
0 0.165296 0.245884 0.012336 0.015368
0 0.050164 0.242591 0.009868 0.014270
0 0.342928 0.350165 0.023026 0.029638
2 0.317434 0.241493 0.017270 0.068057
0 0.316612 0.211855 0.008224 0.008782
0 0.427632 0.240395 0.008224 0.010977
2 0.768914 0.251372 0.020559 0.045005
0 0.733553 0.200878 0.008224 0.008782
0 0.768092 0.233809 0.011513 0.009879
0 0.779605 0.200878 0.009046 0.007684
0 0.800164 0.198683 0.007401 0.007684