0 0.201474 0.628289 0.180999 0.745614
0 0.101556 0.555921 0.092547 0.573465
0 0.393120 0.484649 0.077805 0.425439
0 0.352170 0.467105 0.072072 0.357456
0 0.470925 0.468202 0.095823 0.309211
0 0.551188 0.507675 0.077805 0.286184
0 0.631450 0.520833 0.063882 0.334430
0 0.733825 0.650219 0.152334 0.601974
0 0.872236 0.592105 0.151515 0.557018
0 0.826372 0.562500 0.088452 0.475877
1 0.190008 0.356360 0.101556 0.135965
1 0.113841 0.333333 0.063882 0.095395
1 0.408681 0.313596 0.055692 0.075658
0 0.669124 0.470395 0.051597 0.232456
0 0.537265 0.396930 0.050778 0.172149