0 0.680571 0.637336 0.049396 0.100329
0 0.275521 0.736020 0.085620 0.089638
0 0.884742 0.805099 0.116356 0.094572
0 0.626784 0.744243 0.059276 0.087171
0 0.260154 0.572368 0.054885 0.069079
0 0.343578 0.499178 0.032931 0.067434
0 0.036224 0.638158 0.065862 0.050987
0 0.939627 0.643092 0.046103 0.068257
1 0.347969 0.472862 0.015368 0.013980
1 0.048299 0.622533 0.020856 0.018914
1 0.243688 0.546053 0.020856 0.016447
1 0.245884 0.700658 0.025247 0.018092
1 0.611416 0.714638 0.027442 0.026316
1 0.892426 0.768914 0.032931 0.022204
1 0.679473 0.595395 0.023052 0.016447
1 0.945115 0.618421 0.021954 0.019737
0 0.039517 0.314145 0.019759 0.023026
0 0.138310 0.313322 0.019759 0.023849
0 0.186608 0.314967 0.016465 0.030428
0 0.017563 0.295230 0.018661 0.030428
0 0.020856 0.286184 0.012075 0.027961
1 0.045005 0.306743 0.008782 0.008224