0 0.628979 0.263980 0.105379 0.195724
0 0.238200 0.202303 0.047201 0.037829
1 0.638858 0.179276 0.041712 0.026316
0 0.389682 0.191612 0.036224 0.063322
0 0.368825 0.172697 0.024149 0.029605
0 0.571899 0.191612 0.037322 0.067434
1 0.569704 0.163651 0.014270 0.011513
1 0.378705 0.166118 0.015368 0.012336
1 0.373216 0.163651 0.010977 0.010691
1 0.714599 0.163651 0.018661 0.010691
1 0.777168 0.163651 0.017563 0.011513
1 0.935236 0.167763 0.015368 0.012336
0 0.708013 0.178454 0.042810 0.041118
0 0.773875 0.175987 0.025247 0.036184
0 0.933041 0.187500 0.030735 0.051809
0 0.903403 0.186678 0.018661 0.050987
1 0.901207 0.166941 0.015368 0.010691
1 0.237102 0.189967 0.016465 0.010691