2 0.181120 0.267270 0.104281 0.169408
2 0.517014 0.137336 0.035126 0.071546
2 0.695939 0.276316 0.111965 0.080592
2 0.902305 0.171053 0.036224 0.068257
0 0.170143 0.195724 0.048299 0.025493
0 0.737651 0.247533 0.029638 0.022204
0 0.694841 0.222039 0.030735 0.019737
2 0.666301 0.251645 0.085620 0.078947
0 0.911087 0.141447 0.015368 0.009868
0 0.526893 0.106908 0.018661 0.011513
2 0.050494 0.129112 0.061471 0.030428
0 0.024149 0.120888 0.008782 0.013980
2 0.931943 0.164474 0.026345 0.027961
0 0.939627 0.155428 0.010977 0.009868
2 0.803513 0.096217 0.020856 0.035362
2 0.784852 0.092105 0.017563 0.030428
0 0.804610 0.080592 0.008782 0.006579
0 0.790340 0.079770 0.007684 0.005757
2 0.479693 0.050987 0.009879 0.011513
0 0.480790 0.047697 0.006586 0.004112
0 0.143798 0.131579 0.008782 0.004934
2 0.156970 0.074013 0.014270 0.014803
2 0.126235 0.076480 0.012075 0.017270
0 0.158068 0.069901 0.007684 0.004112