2 0.342481 0.567434 0.053787 0.114309
2 0.095499 0.486842 0.086718 0.097862
2 0.847420 0.395559 0.046103 0.073191
2 0.827662 0.275493 0.042810 0.079770
2 0.753019 0.268914 0.029638 0.069901
2 0.723381 0.400493 0.032931 0.081414
2 0.670692 0.420230 0.061471 0.048520
2 0.268935 0.583059 0.086718 0.129112
0 0.338090 0.522204 0.027442 0.022204
0 0.259056 0.527961 0.036224 0.018914
0 0.860593 0.365954 0.018661 0.014803
0 0.721186 0.365132 0.018661 0.010691
0 0.063666 0.448191 0.021954 0.019737
2 0.650933 0.398849 0.060373 0.054276
0 0.647640 0.407895 0.014270 0.015625
0 0.638858 0.407895 0.016465 0.015625
0 0.826564 0.240954 0.015368 0.011513
0 0.747530 0.240132 0.015368 0.013158