0 0.407895 0.594951 0.060033 0.152580
0 0.243421 0.602634 0.061678 0.174533
0 0.268092 0.512623 0.045230 0.142700
0 0.220395 0.444566 0.058388 0.142700
0 0.170230 0.361142 0.032895 0.107574
0 0.472862 0.405049 0.028783 0.114160
0 0.644737 0.418222 0.037007 0.113063
0 0.552632 0.304061 0.022204 0.070252
0 0.526316 0.306257 0.022204 0.093304
1 0.406250 0.536773 0.026316 0.036224
1 0.235197 0.532382 0.021382 0.035126
1 0.265625 0.455543 0.018914 0.028540
1 0.223684 0.387486 0.018092 0.027442
1 0.163651 0.319429 0.013158 0.024149
1 0.650493 0.374314 0.015625 0.025247
1 0.472862 0.361142 0.014803 0.026345
1 0.550987 0.279912 0.012336 0.020856
1 0.527961 0.268935 0.009868 0.018661
0 0.488487 0.185510 0.014803 0.055982
1 0.486842 0.163557 0.008224 0.013172
0 0.518092 0.185510 0.014803 0.055982
1 0.518914 0.164654 0.009868 0.015368
0 0.095395 0.147091 0.014803 0.057080
0 0.185033 0.115258 0.011513 0.034029
0 0.095395 0.079034 0.010691 0.035126
0 0.088816 0.081229 0.009868 0.029638
1 0.092928 0.125137 0.008224 0.013172
1 0.183388 0.102086 0.005757 0.007684
1 0.093750 0.065862 0.005757 0.008782