0 0.345774 0.860197 0.241493 0.281250
1 0.432492 0.752467 0.068057 0.064145
1 0.251372 0.347039 0.009879 0.008224
0 0.372119 0.484375 0.017563 0.035362
0 0.366630 0.476151 0.020856 0.042763
0 0.250274 0.361842 0.014270 0.037007
0 0.107574 0.490954 0.023052 0.016447
0 0.017563 0.481908 0.013172 0.022204
0 0.007684 0.481908 0.012075 0.022204
1 0.363337 0.458882 0.010977 0.008224
1 0.374314 0.471217 0.010977 0.009868
1 0.015368 0.472862 0.006586 0.004934
1 0.113063 0.486842 0.010977 0.008224
1 0.006586 0.473684 0.009879 0.006579