2 0.148849 0.597588 0.094572 0.254386
2 0.254112 0.573465 0.062500 0.232456
2 0.324013 0.575658 0.057566 0.234649
2 0.356086 0.646930 0.061678 0.305921
2 0.490132 0.611842 0.052632 0.301535
2 0.527961 0.598684 0.050164 0.269737
2 0.601151 0.597588 0.061678 0.262061
2 0.680921 0.582237 0.051809 0.258772
2 0.847862 0.631579 0.111020 0.407895
0 0.674342 0.466009 0.027138 0.025219
0 0.379112 0.478070 0.027138 0.023026
0 0.245066 0.468202 0.024671 0.024123
0 0.148849 0.483553 0.030428 0.025219
0 0.164474 0.464912 0.028783 0.020833
2 0.386513 0.586623 0.042763 0.240132
0 0.343750 0.528509 0.018092 0.031798
2 0.180921 0.576754 0.061678 0.244518