2 0.017544 0.791941 0.032895 0.284539
2 0.061404 0.794408 0.105263 0.259046
2 0.020833 0.629934 0.038377 0.041118
2 0.604167 0.691612 0.024123 0.034539
2 0.611842 0.728618 0.039474 0.056743
0 0.015351 0.664474 0.027412 0.029605
0 0.062500 0.676809 0.047149 0.024671
0 0.013158 0.614309 0.017544 0.009046
0 0.598684 0.680099 0.013158 0.011513
0 0.608553 0.703125 0.012061 0.005757
0 0.608553 0.696546 0.012061 0.008224
1 0.019737 0.632401 0.036184 0.025493
1 0.611842 0.719572 0.039474 0.030428
1 0.604167 0.689967 0.024123 0.018092