0 0.227223 0.394737 0.095499 0.185855
0 0.478595 0.398026 0.075741 0.162829
0 0.755214 0.348684 0.054885 0.045230
0 0.917673 0.516447 0.126235 0.068257
0 0.081229 0.412007 0.106476 0.173520
1 0.958288 0.496711 0.045005 0.028783
1 0.760703 0.338816 0.027442 0.026316
1 0.513721 0.304276 0.035126 0.034539
1 0.463227 0.336349 0.043908 0.039474
1 0.227223 0.315789 0.035126 0.029605
1 0.051592 0.344572 0.040615 0.039474
1 0.293085 0.408717 0.037322 0.032072
0 0.517014 0.319079 0.068057 0.064145
1 0.275521 0.233553 0.014270 0.014803
1 0.006586 0.240132 0.010977 0.013980
0 0.285401 0.433388 0.082327 0.082237
0 0.278814 0.249178 0.026345 0.043586
0 0.007684 0.252467 0.012075 0.038651