2 0.425439 0.718264 0.037281 0.065520
2 0.466009 0.710893 0.027412 0.042588
2 0.501096 0.712531 0.029605 0.048321
2 0.972588 0.729730 0.057018 0.115479
2 0.180921 0.660115 0.023026 0.027027
0 0.980263 0.678952 0.023026 0.013923
0 0.183114 0.650287 0.010965 0.007371
0 0.425439 0.689599 0.012061 0.008190
0 0.459430 0.694513 0.010965 0.009009
0 0.500000 0.692875 0.013158 0.009009
1 0.179825 0.664210 0.019737 0.018837
1 0.426535 0.709255 0.031798 0.026208
1 0.466009 0.710893 0.026316 0.026208
1 0.501096 0.709255 0.027412 0.023751