2 0.564215 0.459704 0.154775 0.218750
2 0.367728 0.501645 0.178924 0.117599
2 0.222832 0.464638 0.079034 0.066612
2 0.031833 0.476151 0.060373 0.212171
2 0.354555 0.402138 0.053787 0.112664
0 0.507135 0.368421 0.039517 0.035362
0 0.341383 0.352796 0.027442 0.015625
0 0.297475 0.481086 0.031833 0.041118
0 0.238200 0.441612 0.049396 0.020559
0 0.023052 0.381579 0.042810 0.022204
0 0.652031 0.352796 0.014270 0.013158
2 0.614709 0.395559 0.026345 0.104441
2 0.647640 0.397204 0.031833 0.101974
2 0.783754 0.394737 0.037322 0.104441
0 0.612514 0.351151 0.014270 0.015625
0 0.785950 0.350329 0.032931 0.016447
2 0.903403 0.374178 0.043908 0.072368
0 0.896817 0.342105 0.014270 0.008224