2 0.171053 0.603070 0.048520 0.128289
2 0.379934 0.584430 0.027961 0.042763
2 0.421875 0.588816 0.027961 0.041667
2 0.460526 0.606360 0.029605 0.051535
2 0.480263 0.578947 0.027961 0.036184
2 0.502467 0.560307 0.029605 0.029605
2 0.532072 0.565789 0.025493 0.033991
2 0.548520 0.558114 0.021382 0.033991
2 0.344572 0.587719 0.023026 0.037281
0 0.160362 0.546053 0.027138 0.015351
0 0.342105 0.577851 0.018092 0.016447
0 0.375822 0.569079 0.011513 0.012061
0 0.421053 0.577851 0.023026 0.018640
0 0.465461 0.589912 0.020559 0.018640
0 0.473684 0.569079 0.011513 0.017544
0 0.506579 0.551535 0.013980 0.012061
0 0.537829 0.554825 0.013980 0.013158
0 0.545230 0.547149 0.012336 0.012061