1 0.918586 0.187706 0.009046 0.008782
1 0.902961 0.270033 0.009868 0.018661
0 0.925987 0.215148 0.029605 0.079034
0 0.893914 0.298573 0.031250 0.073546
0 0.046875 0.570801 0.050164 0.086718
0 0.159539 0.509330 0.048520 0.075741
0 0.145559 0.809001 0.076480 0.222832
0 0.184211 0.341383 0.030428 0.104281
1 0.124178 0.721186 0.033717 0.045005
1 0.033717 0.543359 0.020559 0.029638
1 0.143914 0.484083 0.018092 0.025247
1 0.598684 0.360044 0.014803 0.025247
0 0.606086 0.407245 0.034539 0.119649
0 0.574836 0.293085 0.023849 0.104281
1 0.575658 0.250274 0.014803 0.019759
0 0.772204 0.226125 0.023026 0.082327
0 0.827303 0.267838 0.034539 0.070252
1 0.768914 0.190999 0.009868 0.013172
1 0.837993 0.240395 0.009046 0.014270