2 0.576480 0.591009 0.027961 0.036184
2 0.059211 0.503289 0.025493 0.025219
0 0.053454 0.703947 0.105263 0.368421
0 0.521382 0.633772 0.041118 0.043860
0 0.114309 0.703947 0.069079 0.332237
0 0.063322 0.497807 0.037829 0.047149
0 0.570724 0.608553 0.052632 0.086623
1 0.061678 0.483553 0.014803 0.018640
1 0.068257 0.549342 0.040296 0.058114
1 0.111020 0.560307 0.038651 0.046053
1 0.566612 0.573465 0.011513 0.017544
1 0.520559 0.591009 0.009046 0.016447
0 0.520559 0.597588 0.009046 0.030702
2 0.523026 0.626096 0.037829 0.028509
2 0.520559 0.604167 0.009046 0.018640