0 0.286498 0.272204 0.054885 0.110197
0 0.053787 0.484375 0.105379 0.406250
0 0.459934 0.291941 0.065862 0.087993
0 0.559824 0.211349 0.076839 0.064145
0 0.529089 0.297697 0.054885 0.143914
0 0.609221 0.318257 0.086718 0.102796
0 0.700329 0.326480 0.103183 0.172697
1 0.622393 0.284539 0.042810 0.036184
0 0.066959 0.342928 0.130626 0.272204
1 0.027442 0.233553 0.051592 0.055099
1 0.302964 0.226151 0.021954 0.017270
1 0.461032 0.256579 0.023052 0.017270
1 0.523600 0.240132 0.032931 0.029605
1 0.710209 0.254934 0.038419 0.028783
0 0.859495 0.784539 0.283205 0.433388