0 0.485197 0.360044 0.025493 0.085620
0 0.813322 0.454446 0.037829 0.110867
0 0.937500 0.510428 0.040296 0.116356
1 0.944901 0.462130 0.013980 0.019759
1 0.477796 0.327113 0.011513 0.018661
1 0.827303 0.406147 0.010691 0.014270
0 0.884046 0.407245 0.039474 0.054885
1 0.900493 0.397366 0.007401 0.014270
0 0.017270 0.240395 0.021382 0.049396
0 0.185033 0.205269 0.020559 0.046103
1 0.178454 0.188804 0.008224 0.012075
1 0.009868 0.219539 0.006579 0.007684
0 0.871711 0.260154 0.019737 0.045005
0 0.779605 0.237102 0.014803 0.046103
0 0.773849 0.223930 0.013158 0.032931
1 0.878289 0.242591 0.006579 0.009879
1 0.782072 0.218441 0.006579 0.007684
1 0.777138 0.211855 0.006579 0.007684