2 0.497533 0.879254 0.194079 0.241493
2 0.644737 0.461032 0.153783 0.407245
2 0.963816 0.242591 0.072368 0.254665
2 0.111842 0.265642 0.049342 0.193194
2 0.053454 0.515917 0.105263 0.281010
2 0.274671 0.301866 0.060033 0.160263
2 0.464638 0.232711 0.037829 0.153677
0 0.497533 0.802415 0.074013 0.085620
0 0.696546 0.289791 0.047697 0.062569
0 0.110197 0.178924 0.032072 0.018661
0 0.690789 0.180022 0.012336 0.012075
2 0.690789 0.214050 0.037007 0.087816
2 0.625000 0.223930 0.036184 0.066959
2 0.625822 0.302964 0.038651 0.106476
0 0.292763 0.234907 0.021382 0.024149
2 0.153783 0.207464 0.033717 0.097695
0 0.152138 0.166850 0.012336 0.014270
0 0.467928 0.165752 0.016447 0.018661
0 0.625822 0.198683 0.017270 0.017563
0 0.623355 0.260154 0.020559 0.020856