2 0.155428 0.651316 0.125822 0.653509
2 0.228618 0.592105 0.103618 0.500000
2 0.380757 0.593202 0.122533 0.447368
2 0.433388 0.561404 0.077303 0.388158
2 0.521382 0.603070 0.114309 0.467105
2 0.767270 0.604167 0.104441 0.481360
2 0.851151 0.657895 0.090461 0.604167
0 0.168586 0.355263 0.075658 0.060307
0 0.234375 0.367325 0.050987 0.049342
0 0.379112 0.393640 0.046053 0.048246
0 0.441612 0.385965 0.037007 0.037281
0 0.523026 0.389254 0.049342 0.038377
0 0.555921 0.380482 0.037829 0.033991
0 0.778783 0.383772 0.050987 0.041667
0 0.838816 0.380482 0.065789 0.050439
2 0.574836 0.573465 0.078947 0.421053