0 0.334704 0.798024 0.097862 0.208562
0 0.127467 0.875960 0.135691 0.227223
0 0.324013 0.156970 0.035362 0.149286
0 0.570724 0.158068 0.037007 0.141603
0 0.830592 0.905598 0.127467 0.188804
0 0.938322 0.769484 0.123355 0.244786
1 0.245888 0.508233 0.033717 0.052689
1 0.111842 0.795829 0.048520 0.058178
1 0.853618 0.841932 0.037007 0.055982
1 0.983553 0.676180 0.033717 0.055982
1 0.327303 0.097695 0.017270 0.030735
1 0.356908 0.724479 0.035362 0.060373
0 0.252467 0.610318 0.060855 0.257958
1 0.578947 0.100988 0.016447 0.028540