0 0.552632 0.257958 0.038651 0.076839
0 0.506579 0.165752 0.018092 0.062569
0 0.491776 0.170143 0.015625 0.066959
0 0.364309 0.238200 0.037007 0.115258
0 0.327303 0.200878 0.018092 0.102086
0 0.338816 0.196487 0.015625 0.097695
0 0.233553 0.205269 0.028783 0.096597
0 0.251645 0.173436 0.016447 0.062569
0 0.195724 0.159166 0.018092 0.052689
0 0.060033 0.167947 0.018092 0.061471
0 0.109375 0.165752 0.018092 0.062569
0 0.123355 0.161361 0.013980 0.060373
1 0.058388 0.141603 0.007401 0.008782
1 0.107730 0.140505 0.008224 0.012075
1 0.123355 0.136114 0.007401 0.010977
1 0.231086 0.167947 0.013158 0.020856
1 0.249178 0.151482 0.011513 0.016465
0 0.225329 0.156970 0.013980 0.052689
1 0.223684 0.137212 0.008224 0.013172
1 0.325658 0.160263 0.012336 0.020856
1 0.336349 0.156970 0.010691 0.019759
1 0.367599 0.190999 0.015625 0.020856
0 0.610197 0.175631 0.013158 0.024149
1 0.553454 0.232711 0.019737 0.025247
1 0.491776 0.144896 0.009046 0.017563
1 0.505757 0.141603 0.008224 0.014270
1 0.611842 0.171240 0.007401 0.014270