1 0.944079 0.139407 0.007401 0.010977
0 0.939145 0.159166 0.019737 0.052689
1 0.928454 0.339188 0.007401 0.009879
0 0.933388 0.347969 0.019737 0.029638
0 0.439145 0.143798 0.033717 0.084523
1 0.449836 0.113063 0.012336 0.024149
0 0.673520 0.375412 0.017270 0.075741
0 0.714638 0.380900 0.017270 0.075741
0 0.801809 0.383096 0.017270 0.077936
0 0.804276 0.346872 0.016447 0.028540
0 0.759046 0.310648 0.016447 0.015368
0 0.555099 0.294182 0.012336 0.048299
1 0.558388 0.273326 0.005757 0.006586
0 0.849507 0.384193 0.016447 0.085620
0 0.865954 0.375412 0.017270 0.082327
1 0.676809 0.344676 0.009046 0.014270
1 0.717928 0.350165 0.010691 0.015368
1 0.755757 0.306257 0.007401 0.006586
1 0.803454 0.339188 0.009046 0.013172
1 0.805099 0.352360 0.009868 0.016465
1 0.852796 0.347969 0.010691 0.012075
1 0.867599 0.339188 0.010691 0.008782
0 0.634046 0.152580 0.011513 0.041712
0 0.855263 0.164654 0.013980 0.024149
1 0.633224 0.136114 0.007401 0.006586
1 0.856086 0.156970 0.005757 0.008782
0 0.174342 0.285401 0.013980 0.031833
0 0.213816 0.310648 0.015625 0.025247
0 0.241776 0.306257 0.014803 0.045005
1 0.174342 0.276619 0.008224 0.012075
1 0.212993 0.302964 0.008224 0.009879
1 0.238487 0.288694 0.005757 0.009879