0 0.052632 0.596048 0.079770 0.332602
0 0.268092 0.544457 0.095395 0.275521
0 0.775493 0.456641 0.062500 0.215148
0 0.875822 0.447859 0.060855 0.105379
1 0.240954 0.434687 0.039474 0.055982
1 0.062500 0.461032 0.040296 0.062569
1 0.109375 0.469813 0.029605 0.045005
1 0.875822 0.413831 0.023849 0.036224
1 0.794408 0.371021 0.025493 0.043908
1 0.572368 0.385291 0.015625 0.027442
0 0.092928 0.546652 0.063322 0.198683
1 0.370066 0.364435 0.014803 0.023052
1 0.851151 0.272228 0.012336 0.017563
0 0.848684 0.308452 0.026316 0.090011
0 0.558388 0.414929 0.060033 0.086718
0 0.365132 0.379802 0.031250 0.054885
0 0.389803 0.306257 0.018092 0.061471