0 0.661910 0.560855 0.160263 0.159539
0 0.605928 0.435855 0.040615 0.090461
0 0.541164 0.439145 0.031833 0.087993
0 0.509330 0.438322 0.032931 0.082237
0 0.467618 0.444079 0.053787 0.071546
0 0.406147 0.437500 0.042810 0.095395
0 0.354555 0.430099 0.035126 0.080592
0 0.381998 0.429276 0.020856 0.058388
1 0.386389 0.403783 0.012075 0.008224
1 0.398463 0.398026 0.020856 0.015625
1 0.455543 0.413651 0.019759 0.009046
1 0.515917 0.403783 0.018661 0.013158
1 0.540066 0.402138 0.017563 0.014803
1 0.598244 0.398849 0.026345 0.015625