0 0.560855 0.682766 0.043586 0.215148
0 0.537829 0.436883 0.038651 0.079034
0 0.642270 0.420417 0.041118 0.075741
0 0.304276 0.311745 0.022204 0.121844
1 0.569079 0.597146 0.027138 0.040615
1 0.300987 0.262349 0.015625 0.024149
0 0.444079 0.315038 0.039474 0.088913
1 0.537829 0.411636 0.014803 0.027442
1 0.650493 0.395170 0.014803 0.025247
0 0.074836 0.051592 0.023026 0.034029
0 0.106908 0.043908 0.016447 0.036224
0 0.347039 0.034029 0.009046 0.041712
0 0.337171 0.034029 0.008224 0.016465
1 0.078125 0.043908 0.007401 0.012075
1 0.103618 0.031833 0.009046 0.013172
1 0.337993 0.030735 0.005757 0.010977
1 0.347039 0.019759 0.006579 0.012075