0 0.960483 0.176809 0.014270 0.013158
0 0.954994 0.194079 0.016465 0.019737
0 0.933041 0.168586 0.015368 0.032072
0 0.753019 0.128289 0.020856 0.032072
0 0.535675 0.040296 0.004391 0.013980
0 0.531284 0.039474 0.007684 0.013158
1 0.536773 0.032072 0.004391 0.004112
1 0.531284 0.032895 0.006586 0.004934
1 0.754116 0.110197 0.007684 0.004934
1 0.935236 0.151316 0.007684 0.004934
1 0.959385 0.169408 0.010977 0.007401
1 0.954994 0.184211 0.012075 0.009046
1 0.861690 0.131579 0.009879 0.007401
0 0.859495 0.144737 0.019759 0.033717
0 0.429199 0.268092 0.029638 0.064967
0 0.845225 0.226151 0.028540 0.054276
0 0.911087 0.205592 0.029638 0.041941
0 0.939627 0.214638 0.025247 0.044408
0 0.433589 0.222862 0.034029 0.046875
1 0.854007 0.204770 0.012075 0.011513
1 0.432492 0.205592 0.013172 0.012336
1 0.914380 0.189145 0.009879 0.009046
1 0.946213 0.197368 0.010977 0.007401
1 0.430296 0.242599 0.013172 0.012336
0 0.582876 0.096217 0.015368 0.037007
1 0.581778 0.080592 0.007684 0.005757