2 0.113022 0.637061 0.128583 0.598684
2 0.279279 0.625000 0.111384 0.541667
2 0.452088 0.669956 0.150696 0.572368
2 0.746110 0.696272 0.149877 0.610746
2 0.584767 0.524123 0.063063 0.280702
2 0.523342 0.547149 0.066339 0.302632
2 0.871417 0.623904 0.090090 0.429825
2 0.637183 0.557018 0.074529 0.335526
2 0.377559 0.546053 0.085995 0.417763
0 0.120393 0.367325 0.075348 0.058114
0 0.305487 0.396930 0.057330 0.082237
0 0.398853 0.359649 0.043407 0.043860
0 0.445536 0.412281 0.063882 0.057018
0 0.745291 0.427632 0.077805 0.075658
2 0.253890 0.533991 0.046683 0.373904
2 0.486486 0.478070 0.051597 0.162281
2 0.682228 0.460526 0.049959 0.152412
2 0.343161 0.498904 0.033579 0.285088
2 0.846847 0.497807 0.041769 0.243421
2 0.793612 0.493421 0.054054 0.184211
2 0.921376 0.501096 0.075348 0.275219