2 0.558388 0.830955 0.071546 0.149286
2 0.643092 0.926454 0.046053 0.147091
2 0.925164 0.869374 0.051809 0.163557
2 0.256579 0.638858 0.028783 0.086718
2 0.491776 0.591658 0.020559 0.039517
2 0.680921 0.536773 0.024671 0.049396
0 0.930099 0.800220 0.023026 0.024149
0 0.638158 0.864984 0.023026 0.024149
0 0.569901 0.768386 0.020559 0.021954
0 0.488487 0.578485 0.009868 0.012075
0 0.672697 0.518112 0.008224 0.013172
0 0.258224 0.602634 0.011513 0.015368
2 0.416941 0.508233 0.016447 0.049396
0 0.416118 0.486279 0.007401 0.006586