0 0.925987 0.451153 0.050164 0.154775
0 0.292763 0.231614 0.035362 0.091109
0 0.260691 0.777168 0.083059 0.246981
0 0.655428 0.529089 0.064145 0.181120
0 0.564967 0.418222 0.060033 0.145993
0 0.606908 0.424808 0.030428 0.150384
1 0.268092 0.680571 0.029605 0.051592
1 0.282895 0.197585 0.012336 0.019759
1 0.653783 0.458836 0.020559 0.040615
1 0.609375 0.366630 0.018914 0.031833
1 0.576480 0.364435 0.016447 0.031833
1 0.935855 0.390779 0.021382 0.035126
1 0.216283 0.925357 0.044408 0.060373
0 0.241776 0.947311 0.095395 0.107574
1 0.500822 0.171240 0.009868 0.018661
1 0.429276 0.098793 0.007401 0.006586
1 0.717105 0.115258 0.007401 0.013172
0 0.502467 0.184413 0.022204 0.046103
0 0.708882 0.127333 0.024671 0.039517
0 0.429276 0.108672 0.018092 0.029638
0 0.849507 0.199780 0.025493 0.068057
1 0.849507 0.175631 0.010691 0.019759