2 0.324918 0.412007 0.030735 0.046053
2 0.536773 0.413651 0.051592 0.041941
2 0.723381 0.369243 0.030735 0.026316
2 0.381998 0.696546 0.079034 0.096217
2 0.301866 0.699836 0.050494 0.090461
2 0.972558 0.194901 0.027442 0.052632
2 0.979144 0.212993 0.026345 0.029605
0 0.319429 0.392270 0.012075 0.006579
0 0.518112 0.395559 0.012075 0.006579
0 0.725576 0.359375 0.012075 0.005757
0 0.385291 0.657072 0.021954 0.017270
0 0.293085 0.660362 0.023052 0.011513
0 0.978046 0.172697 0.013172 0.005757
0 0.982437 0.202303 0.016465 0.008224