0 0.662572 0.408991 0.019656 0.058114
1 0.661753 0.399123 0.018018 0.036184
0 0.208026 0.633772 0.122031 0.587719
0 0.406224 0.657895 0.162162 0.666667
0 0.649468 0.592105 0.084357 0.459430
0 0.486486 0.592105 0.088452 0.470395
0 0.726454 0.483553 0.058968 0.226974
0 0.782146 0.474781 0.078624 0.202851
1 0.210483 0.389254 0.061425 0.100877
1 0.369369 0.377193 0.062244 0.105263
1 0.416871 0.391447 0.045045 0.084430
1 0.471744 0.398026 0.047502 0.077851
1 0.630631 0.404605 0.046683 0.085526
1 0.730549 0.388158 0.025389 0.036184
1 0.782146 0.388158 0.029484 0.032895
0 0.610156 0.487939 0.048321 0.225877