0 0.504940 0.465461 0.039517 0.046053
0 0.419319 0.387336 0.021954 0.037829
1 0.495060 0.449013 0.013172 0.013158
1 0.416026 0.373355 0.009879 0.008224
0 0.282108 0.378289 0.026345 0.017270
0 0.271131 0.401316 0.018661 0.019737
0 0.240395 0.405428 0.018661 0.013158
0 0.294182 0.397204 0.023052 0.016447
0 0.330406 0.401316 0.016465 0.010691
1 0.243688 0.403783 0.010977 0.009046
1 0.271131 0.395559 0.010977 0.008224
1 0.294182 0.392270 0.010977 0.006579
1 0.327113 0.398849 0.009879 0.005757
1 0.291987 0.374178 0.006586 0.007401
0 0.632272 0.251645 0.012075 0.018914
0 0.993414 0.350329 0.016465 0.019737
1 0.987925 0.342928 0.006586 0.004112