0 0.680099 0.241493 0.037829 0.107574
0 0.784539 0.276619 0.040296 0.052689
0 0.964638 0.376509 0.054276 0.057080
1 0.949836 0.366630 0.025493 0.037322
1 0.791118 0.259056 0.011513 0.018661
1 0.690789 0.197585 0.014803 0.021954
0 0.497533 0.255763 0.032072 0.059276
0 0.282072 0.254665 0.013980 0.029638
0 0.296875 0.254665 0.018092 0.030735
0 0.312500 0.256861 0.015625 0.028540
0 0.365132 0.260154 0.012336 0.026345
0 0.379112 0.254665 0.016447 0.030735
1 0.495066 0.234907 0.015625 0.016465
1 0.311678 0.251372 0.012336 0.017563
1 0.366776 0.254665 0.008224 0.015368
1 0.375822 0.248079 0.009868 0.017563
1 0.281250 0.248079 0.010691 0.017563