0 0.726974 0.721491 0.157895 0.560307
0 0.616776 0.611842 0.061678 0.290570
0 0.565789 0.589912 0.041118 0.240132
0 0.514803 0.605263 0.042763 0.282895
0 0.479441 0.611842 0.050164 0.307018
0 0.442434 0.582237 0.045230 0.237939
0 0.402961 0.565789 0.049342 0.229167
0 0.347039 0.558114 0.047697 0.217105
0 0.281250 0.648026 0.060855 0.292763
0 0.241776 0.576754 0.074013 0.229167
1 0.246711 0.483553 0.027138 0.043860
1 0.276316 0.467105 0.023849 0.042763
1 0.345395 0.471491 0.023849 0.042763
1 0.433388 0.485746 0.027138 0.046053
1 0.559211 0.493421 0.026316 0.047149
0 0.278783 0.485746 0.041941 0.081140