2 0.151316 0.265642 0.060033 0.164654
2 0.064967 0.526893 0.070724 0.129528
2 0.471217 0.264544 0.060033 0.076839
2 0.561678 0.335895 0.051809 0.151482
2 0.283717 0.102086 0.042763 0.108672
2 0.834704 0.192097 0.047697 0.143798
2 0.331414 0.100988 0.031250 0.115258
2 0.890625 0.162459 0.045230 0.103183
0 0.060855 0.474204 0.025493 0.024149
0 0.139803 0.198683 0.021382 0.028540
0 0.495066 0.239297 0.012336 0.025247
0 0.576480 0.273326 0.022204 0.026345
0 0.323191 0.054885 0.013158 0.023052
0 0.285362 0.059276 0.015625 0.024149
0 0.847862 0.128430 0.021382 0.016465
0 0.902961 0.120746 0.018914 0.019759
0 0.815789 0.127333 0.017270 0.018661