2 0.347039 0.452250 0.058388 0.163557
2 0.799342 0.706915 0.048520 0.140505
2 0.292763 0.344676 0.041118 0.132821
2 0.191612 0.381998 0.062500 0.099890
2 0.112664 0.390779 0.057566 0.107574
2 0.160362 0.080132 0.025493 0.081229
0 0.513158 0.025247 0.009046 0.009879
0 0.796875 0.649835 0.029605 0.025247
0 0.125000 0.344676 0.016447 0.015368
0 0.280428 0.287596 0.016447 0.018661
0 0.018092 0.006586 0.009046 0.007684
0 0.152138 0.045005 0.009046 0.009879
2 0.027138 0.029638 0.027138 0.055982
2 0.481086 0.071350 0.031250 0.042810
0 0.332237 0.378705 0.022204 0.019759
2 0.515625 0.043908 0.015625 0.048299
0 0.468750 0.053787 0.006579 0.008782