0 0.094298 0.169408 0.027412 0.027138
0 0.126096 0.177632 0.029605 0.055921
1 0.119518 0.156250 0.012061 0.013158
0 0.275219 0.173520 0.024123 0.046875
0 0.335526 0.180099 0.035088 0.030428
0 0.379386 0.173520 0.025219 0.044408
0 0.419956 0.158717 0.016447 0.039474
0 0.362939 0.094572 0.023026 0.027138
1 0.088816 0.161184 0.013158 0.010691
1 0.270833 0.152961 0.005482 0.005757
1 0.325658 0.170230 0.012061 0.009046
1 0.328947 0.148849 0.006579 0.004112
0 0.328947 0.157072 0.008772 0.021382
1 0.372807 0.156250 0.008772 0.009868
0 0.429825 0.087171 0.015351 0.038651
1 0.419956 0.143092 0.009868 0.008224
1 0.355263 0.083059 0.008772 0.004112
1 0.432018 0.069901 0.004386 0.004112