1 0.629934 0.032931 0.004934 0.005488
1 0.609375 0.034029 0.004112 0.006586
1 0.253289 0.026345 0.004112 0.008782
1 0.128289 0.048299 0.006579 0.013172
1 0.022204 0.050494 0.009046 0.016465
0 0.796875 0.020856 0.007401 0.023052
0 0.778783 0.021954 0.007401 0.021954
0 0.724507 0.025247 0.009046 0.030735
0 0.733553 0.030735 0.009046 0.030735
0 0.717105 0.030735 0.007401 0.032931
0 0.615132 0.045005 0.007401 0.030735
0 0.609375 0.046103 0.007401 0.034029
0 0.564967 0.052689 0.008224 0.026345
0 0.629934 0.043908 0.008224 0.030735
0 0.269737 0.204171 0.019737 0.021954
0 0.258224 0.028540 0.013980 0.023052
0 0.134046 0.064764 0.019737 0.045005
0 0.024671 0.075741 0.019737 0.068057
0 0.122533 0.435785 0.242599 0.687157
0 0.706414 0.481888 0.093750 0.296378
0 0.926809 0.886937 0.122533 0.172338
1 0.083882 0.161361 0.089638 0.138310
1 0.902138 0.827662 0.029605 0.051592
0 0.399671 0.149286 0.030428 0.064764
1 0.391447 0.127333 0.014803 0.021954