0 0.569901 0.466520 0.111020 0.172338
1 0.583882 0.411636 0.036184 0.063666
0 0.476151 0.153677 0.011513 0.058178
0 0.492599 0.153677 0.015625 0.055982
0 0.506579 0.151482 0.012336 0.058178
0 0.526316 0.154775 0.015625 0.050494
0 0.544408 0.151482 0.017270 0.051592
0 0.564967 0.150384 0.009868 0.048299
0 0.586349 0.152580 0.013980 0.053787
1 0.476151 0.129528 0.007401 0.010977
1 0.492599 0.131723 0.007401 0.012075
1 0.506579 0.128430 0.006579 0.012075
1 0.527138 0.136114 0.008224 0.012075
1 0.539474 0.131723 0.008224 0.013172
1 0.564145 0.133919 0.008224 0.015368
1 0.585526 0.131723 0.008224 0.012075