0 0.176729 0.314145 0.081229 0.108553
0 0.427003 0.280428 0.081229 0.077303
0 0.578485 0.340461 0.094402 0.101151
0 0.091109 0.300164 0.065862 0.097039
0 0.699232 0.361020 0.061471 0.086349
0 0.649835 0.346217 0.062569 0.092105
0 0.949506 0.379934 0.057080 0.072368
1 0.200878 0.273026 0.028540 0.023026
1 0.602634 0.299342 0.024149 0.019737
1 0.668496 0.310033 0.024149 0.019737
1 0.718990 0.325658 0.023052 0.015625
1 0.457739 0.250822 0.020856 0.018092
1 0.094402 0.260691 0.027442 0.015625
0 0.872667 0.321546 0.061471 0.064145
1 0.895719 0.296053 0.015368 0.012336
1 0.969265 0.348684 0.013172 0.009046
0 0.126235 0.110197 0.050494 0.085526
1 0.140505 0.073191 0.016465 0.010691