0 0.184413 0.609375 0.139407 0.119243
0 0.579583 0.268914 0.028540 0.026316
0 0.633370 0.273026 0.025247 0.018092
0 0.664105 0.314145 0.034029 0.041118
0 0.718990 0.342928 0.034029 0.018914
0 0.836443 0.397204 0.028540 0.038651
0 0.311745 0.643092 0.082327 0.120066
1 0.220637 0.565789 0.035126 0.030428
1 0.323820 0.597862 0.038419 0.027138
0 0.083425 0.114309 0.063666 0.043586
0 0.073546 0.042763 0.038419 0.049342
1 0.085620 0.023026 0.013172 0.011513
1 0.099890 0.101151 0.014270 0.013980
1 0.844127 0.383224 0.012075 0.009046
1 0.731065 0.339638 0.007684 0.007401
1 0.672887 0.299342 0.012075 0.010691
1 0.642151 0.269737 0.007684 0.007401
1 0.589462 0.259868 0.009879 0.006579
0 0.295280 0.122533 0.016465 0.021382
0 0.307355 0.119243 0.014270 0.029605
1 0.297475 0.116776 0.010977 0.009868
1 0.307355 0.109375 0.013172 0.009046
0 0.985730 0.756579 0.030735 0.035362
0 0.964874 0.709704 0.073546 0.066612