1 0.800220 0.355263 0.010977 0.008224
1 0.824369 0.356086 0.009879 0.009046
0 0.800220 0.362664 0.024149 0.023026
0 0.774973 0.364309 0.020856 0.022204
0 0.830955 0.361020 0.030735 0.023849
1 0.296378 0.333059 0.010977 0.009868
1 0.357849 0.339638 0.012075 0.010691
1 0.412733 0.333059 0.013172 0.012336
0 0.297475 0.338816 0.035126 0.023849
0 0.354555 0.342105 0.021954 0.017270
0 0.419319 0.337993 0.029638 0.024671
1 0.697036 0.480263 0.013172 0.009868
0 0.838639 0.512336 0.040615 0.036184
0 0.698134 0.501645 0.025247 0.050987
0 0.652031 0.501645 0.029638 0.052632
0 0.771679 0.619243 0.130626 0.275493
1 0.771679 0.504934 0.057080 0.046875