0 0.063322 0.306257 0.092928 0.402854
0 0.711349 0.279912 0.048520 0.186608
0 0.810033 0.299671 0.047697 0.171240
0 0.951480 0.289791 0.041941 0.161361
1 0.060033 0.147091 0.048520 0.082327
1 0.724507 0.203074 0.020559 0.032931
1 0.818257 0.230516 0.022204 0.032931
1 0.953947 0.223930 0.023026 0.030735
1 0.837171 0.186608 0.015625 0.027442
0 0.833882 0.239297 0.021382 0.133919
0 0.231086 0.098793 0.013980 0.064764
0 0.310033 0.110867 0.016447 0.063666
0 0.414474 0.113063 0.018092 0.062569
1 0.230263 0.074643 0.011513 0.016465
1 0.313322 0.086718 0.010691 0.015368
1 0.414474 0.090011 0.008224 0.014270