2 0.088717 0.548455 0.097144 0.143961
2 0.028090 0.512992 0.055478 0.162219
2 0.337547 0.414677 0.096208 0.257022
2 0.223549 0.423806 0.161517 0.400983
1 0.332397 0.285463 0.047519 0.102879
1 0.211845 0.228581 0.108848 0.148174
1 0.087079 0.507725 0.055946 0.078652
1 0.030197 0.466292 0.059925 0.104986
0 0.758895 0.256671 0.051264 0.078301
0 0.679307 0.239466 0.053137 0.085323
0 0.370084 0.531952 0.163624 0.583216
0 0.242041 0.568469 0.196395 0.832865
0 0.101592 0.566011 0.103464 0.204003
0 0.033006 0.664677 0.065543 0.502809