1 0.181562 0.344872 0.009407 0.015385
1 0.214487 0.346154 0.009407 0.011538
1 0.169332 0.350000 0.013170 0.015385
1 0.100659 0.341026 0.015992 0.026923
1 0.354657 0.370513 0.017874 0.026923
1 0.313264 0.444872 0.046096 0.056410
1 0.679210 0.357692 0.015052 0.019231
1 0.626529 0.356410 0.021637 0.037179
1 0.715898 0.357692 0.023518 0.047436
1 0.730950 0.460256 0.050800 0.084615
1 0.716839 0.538462 0.042333 0.060256
1 0.630292 0.437179 0.039511 0.069231
1 0.445908 0.419231 0.045155 0.076923
2 0.169332 0.378205 0.023518 0.055128
2 0.096896 0.373077 0.030103 0.066667
2 0.216369 0.369231 0.025400 0.053846
2 0.354657 0.419231 0.035748 0.094872
2 0.292568 0.530769 0.109125 0.203846
2 0.482596 0.488462 0.121355 0.161538
2 0.627469 0.398718 0.059266 0.082051
2 0.681091 0.382051 0.019755 0.051282
2 0.599247 0.494872 0.096896 0.148718
2 0.721543 0.391026 0.047977 0.074359
2 0.756350 0.496154 0.099718 0.096154
2 0.780809 0.624359 0.155221 0.201282
0 0.357479 0.452564 0.046096 0.192308
0 0.627469 0.391026 0.060207 0.103846
0 0.681091 0.398718 0.021637 0.098718
0 0.184384 0.384615 0.018815 0.097436
0 0.215428 0.382051 0.031044 0.084615
0 0.167451 0.392308 0.031985 0.100000
0 0.097836 0.396154 0.035748 0.135897
0 0.280339 0.617949 0.142051 0.403846
0 0.482596 0.558974 0.123236 0.357692
0 0.602070 0.564103 0.110066 0.315385
0 0.723424 0.376923 0.052681 0.097436
0 0.763876 0.488462 0.128881 0.142308
0 0.773283 0.691026 0.174036 0.350000