0 0.386000 0.375813 0.035333 0.131339
0 0.416000 0.332900 0.034667 0.102731
0 0.462667 0.537061 0.045333 0.459038
0 0.430667 0.557867 0.026667 0.439532
0 0.342000 0.582575 0.058000 0.521456
0 0.308000 0.375813 0.034667 0.136541
0 0.276667 0.598179 0.067333 0.527958
0 0.410000 0.594278 0.062000 0.422627
0 0.637333 0.332900 0.026667 0.075423
0 0.612000 0.374512 0.030667 0.114434
0 0.556000 0.530559 0.041333 0.490247
0 0.598667 0.579974 0.056000 0.460338
0 0.639333 0.598179 0.050000 0.479844
0 0.695333 0.377113 0.038000 0.124837
0 0.682000 0.628088 0.070667 0.598179
0 0.747333 0.599480 0.080000 0.582575
2 0.436667 0.488947 0.034000 0.176853
2 0.288000 0.495449 0.072000 0.228869
2 0.596000 0.492848 0.066000 0.211964
2 0.638667 0.509753 0.047333 0.209363
2 0.677333 0.500650 0.066000 0.247074
1 0.389333 0.344603 0.024667 0.078023
1 0.416667 0.319896 0.026000 0.074122
1 0.452667 0.348505 0.021333 0.081925
1 0.429333 0.381014 0.026667 0.071521
1 0.408667 0.416125 0.030000 0.067620
1 0.368667 0.381014 0.022667 0.080624
1 0.348000 0.362809 0.031333 0.083225
1 0.306667 0.352406 0.028667 0.085826
1 0.290667 0.381014 0.038667 0.093628
1 0.564000 0.330299 0.027333 0.089727
1 0.612000 0.352406 0.026667 0.075423
1 0.638000 0.323797 0.026000 0.062419
1 0.632667 0.396619 0.028000 0.072822
1 0.590000 0.390117 0.032667 0.088427
1 0.666000 0.377113 0.036000 0.089727
1 0.690000 0.357607 0.026000 0.087126
1 0.729333 0.358908 0.034667 0.092328