1 0.405000 0.431520 0.032500 0.060038
0 0.401250 0.482176 0.052500 0.163227
1 0.800000 0.454034 0.023750 0.033771
1 0.671250 0.433396 0.042500 0.060038
1 0.586250 0.442777 0.038750 0.063790
1 0.520000 0.422139 0.036250 0.052533
1 0.478750 0.425891 0.037500 0.052533
1 0.272500 0.617261 0.045000 0.073171
2 0.222500 0.639775 0.091250 0.110694
2 0.506250 0.493433 0.052500 0.146341
2 0.603750 0.508443 0.071250 0.133208
2 0.802500 0.508443 0.048750 0.105066
2 0.688750 0.502814 0.061250 0.146341
0 0.470000 0.485929 0.052500 0.163227
0 0.230000 0.664165 0.133750 0.168856
0 0.528750 0.504690 0.108750 0.215760
0 0.596250 0.493433 0.086250 0.165103
0 0.680000 0.497186 0.083750 0.191370
0 0.771250 0.497186 0.032500 0.129456
0 0.803750 0.502814 0.051250 0.129456