0 0.951923 0.545455 0.042582 0.200000
0 0.899725 0.594805 0.026099 0.168831
0 0.758242 0.605195 0.028846 0.168831
0 0.799451 0.555844 0.031593 0.187013
0 0.832418 0.405195 0.048077 0.241558
0 0.710165 0.394805 0.046703 0.241558
0 0.634615 0.607792 0.035714 0.088312
0 0.645604 0.755844 0.061813 0.218182
0 0.538462 0.654545 0.030220 0.155844
0 0.541209 0.433766 0.059066 0.254545
0 0.528846 0.231169 0.096154 0.348052
0 0.414835 0.761039 0.053571 0.212987
0 0.357143 0.651948 0.031593 0.174026
0 0.277473 0.340260 0.076923 0.319481
0 0.247253 0.670130 0.032967 0.225974
0 0.156593 0.701299 0.060440 0.231169
0 0.042582 0.511688 0.056319 0.223377
1 0.760989 0.532468 0.013736 0.031169
1 0.796703 0.483117 0.019231 0.044156
1 0.899725 0.522078 0.017857 0.031169
1 0.822802 0.301299 0.021978 0.041558
1 0.715659 0.303896 0.026099 0.054545
1 0.634615 0.581818 0.016484 0.028571
1 0.630495 0.664935 0.016484 0.038961
1 0.560440 0.316883 0.020604 0.036364
1 0.543956 0.083117 0.027473 0.057143
1 0.535714 0.589610 0.015110 0.028571
1 0.409341 0.670130 0.017857 0.033766
1 0.355769 0.581818 0.017857 0.033766
1 0.267857 0.205195 0.024725 0.059740
1 0.245879 0.576623 0.017857 0.044156
1 0.145604 0.610390 0.026099 0.051948
1 0.028846 0.418182 0.024725 0.036364