1 0.235294 0.370588 0.066667 0.164706
1 0.417647 0.338235 0.052941 0.120588
1 0.578431 0.344118 0.037255 0.214706
1 0.321569 0.382353 0.119608 0.247059
1 0.745098 0.397059 0.080392 0.173529
1 0.894118 0.355882 0.113725 0.208824
1 0.503922 0.326471 0.133333 0.282353
1 0.098039 0.326471 0.125490 0.232353
0 0.419608 0.361765 0.064706 0.176471
0 0.229412 0.385294 0.088235 0.226471
0 0.637255 0.544118 0.154902 0.641176
0 0.107843 0.597059 0.201961 0.782353
0 0.274510 0.620588 0.221569 0.738235
0 0.494118 0.585294 0.392157 0.802941
0 0.735294 0.491176 0.100000 0.367647
0 0.876471 0.602941 0.241176 0.711765